4.351937600000000000e+07
3.792130400000000000e+07
3.275991800000000000e+07
2.804013000000000000e+07
2.405478200000000000e+07
2.050495000000000000e+07
1.752651400000000000e+07
1.646744100000000000e+07
1.632948900000000000e+07
1.619531200000000000e+07
1.606429200000000000e+07
1.593596400000000000e+07
1.580997600000000000e+07
1.568605900000000000e+07
1.556399800000000000e+07
1.544361500000000000e+07
1.532477900000000000e+07
1.520737300000000000e+07
1.509130600000000000e+07
1.497649600000000000e+07
1.486288400000000000e+07
1.475041600000000000e+07
1.463904200000000000e+07
1.452873100000000000e+07
1.441944200000000000e+07
1.431115700000000000e+07
1.420384800000000000e+07
1.409749600000000000e+07
1.399208400000000000e+07
1.388759400000000000e+07
1.378401900000000000e+07
1.368134200000000000e+07
1.357955700000000000e+07
1.347865400000000000e+07
1.337862800000000000e+07
1.327946800000000000e+07
1.318116900000000000e+07
1.308372400000000000e+07
1.298713100000000000e+07
1.289138000000000000e+07
1.279646800000000000e+07
1.270239200000000000e+07
1.260914400000000000e+07
1.251672000000000000e+07
1.242511800000000000e+07
1.233433300000000000e+07
1.224435900000000000e+07
1.215519100000000000e+07
1.206682500000000000e+07
1.197925500000000000e+07
1.189247800000000000e+07
1.180648800000000000e+07
1.172127800000000000e+07
1.163684500000000000e+07
1.155318600000000000e+07
1.147029300000000000e+07
1.138816000000000000e+07
1.130678200000000000e+07
1.122615400000000000e+07
1.114626800000000000e+07
1.106712300000000000e+07
1.098870800000000000e+07
1.091102000000000000e+07
1.083405100000000000e+07
1.075779800000000000e+07
1.068225100000000000e+07
1.060740700000000000e+07
1.053325800000000000e+07
1.045979700000000000e+07
1.038702000000000000e+07
1.031491600000000000e+07
1.024348300000000000e+07
1.017271200000000000e+07
1.010259900000000000e+07
1.003313300000000000e+07
9.964312000000000000e+06
9.896124000000000000e+06
9.828567000000000000e+06
9.761632000000000000e+06
9.695310000000000000e+06
9.629599000000000000e+06
9.564485000000000000e+06
9.499965000000000000e+06
9.436037000000000000e+06
9.372974000000000000e+06
9.310491000000000000e+06
9.248583000000000000e+06
9.187244000000000000e+06
9.126467000000000000e+06
9.066244000000000000e+06
9.006572000000000000e+06
8.947443000000000000e+06
8.888850000000000000e+06
8.830786000000000000e+06
8.773246000000000000e+06
8.716222000000000000e+06
8.659709000000000000e+06
8.603699000000000000e+06
8.548186000000000000e+06
8.493164000000000000e+06
8.438624000000000000e+06
8.384560500000000000e+06
8.330963500000000000e+06
8.277827500000000000e+06
8.225144500000000000e+06
8.172900000000000000e+06
8.121088000000000000e+06
8.069695000000000000e+06
8.019397500000000000e+06
7.969680500000000000e+06
7.920407000000000000e+06
7.871573500000000000e+06
7.823177500000000000e+06
7.775210000000000000e+06
7.727668500000000000e+06
7.680547500000000000e+06
7.633842000000000000e+06
7.587550000000000000e+06
7.541661500000000000e+06
7.496178000000000000e+06
7.451092500000000000e+06
7.406398000000000000e+06
7.362095000000000000e+06
7.318176000000000000e+06
7.274637500000000000e+06
7.231475000000000000e+06
7.188686500000000000e+06
7.146266500000000000e+06
7.104208500000000000e+06
7.062511500000000000e+06
7.021173000000000000e+06
6.980185500000000000e+06
6.939547500000000000e+06
6.899253500000000000e+06
6.859303500000000000e+06
6.819687500000000000e+06
6.780408000000000000e+06
6.741457500000000000e+06
6.702835500000000000e+06
6.664536000000000000e+06
6.626556000000000000e+06
6.588893000000000000e+06
6.551544000000000000e+06
6.514505000000000000e+06
6.477772000000000000e+06
6.441341000000000000e+06
6.405213000000000000e+06
6.369380000000000000e+06
6.333841000000000000e+06
6.298593000000000000e+06
6.263633500000000000e+06
6.228958000000000000e+06
6.194564500000000000e+06
6.160449500000000000e+06
6.126610000000000000e+06
6.093044000000000000e+06
6.059748000000000000e+06
6.026719500000000000e+06
5.993956000000000000e+06
5.961454000000000000e+06
5.929211000000000000e+06
5.897225000000000000e+06
5.865492500000000000e+06
5.834011500000000000e+06
5.802779000000000000e+06
5.771792000000000000e+06
5.741049500000000000e+06
5.710547500000000000e+06
5.680284500000000000e+06
5.650258000000000000e+06
5.620465000000000000e+06
5.590903000000000000e+06
5.561569500000000000e+06
5.532464500000000000e+06
5.503583000000000000e+06
5.474924000000000000e+06
5.446484500000000000e+06
5.418263000000000000e+06
5.390257500000000000e+06
5.362465500000000000e+06
5.334884500000000000e+06
5.307512500000000000e+06
5.280347500000000000e+06
5.253387500000000000e+06
5.226631000000000000e+06
5.200075000000000000e+06
5.173719000000000000e+06
5.147558000000000000e+06
5.121593000000000000e+06
5.095821000000000000e+06
5.070240500000000000e+06
5.044849500000000000e+06
5.019645500000000000e+06
4.994626000000000000e+06
4.969791000000000000e+06
4.945137500000000000e+06
4.920665000000000000e+06
4.896369000000000000e+06
4.872250500000000000e+06
4.848304500000000000e+06
4.824541500000000000e+06
4.800969500000000000e+06
4.777567500000000000e+06
4.754334000000000000e+06
4.731269500000000000e+06
4.708369000000000000e+06
4.685632000000000000e+06
4.663058500000000000e+06
4.640645500000000000e+06
4.618392500000000000e+06
4.596297500000000000e+06
4.574358500000000000e+06
4.552574000000000000e+06
4.530943500000000000e+06
4.509464000000000000e+06
4.488137000000000000e+06
4.466958500000000000e+06
4.445928000000000000e+06
4.425043500000000000e+06
4.404305000000000000e+06
4.383710000000000000e+06
4.363257500000000000e+06
4.342946000000000000e+06
4.322775000000000000e+06
4.302743000000000000e+06
4.282848000000000000e+06
4.263089000000000000e+06
4.243466500000000000e+06
4.223977500000000000e+06
4.204621000000000000e+06
4.185397000000000000e+06
4.166303500000000000e+06
4.147339750000000000e+06
4.128504500000000000e+06
4.109796500000000000e+06
4.091214500000000000e+06
4.072758250000000000e+06
4.054427250000000000e+06
4.036217750000000000e+06
4.018131000000000000e+06
4.000165000000000000e+06
3.982319000000000000e+06
3.964597000000000000e+06
3.946993000000000000e+06
3.929506500000000000e+06
3.912136000000000000e+06
3.894881000000000000e+06
3.877740250000000000e+06
3.860712500000000000e+06
3.843796750000000000e+06
3.826993000000000000e+06
3.810299750000000000e+06
3.793716250000000000e+06
3.777241000000000000e+06
3.760874000000000000e+06
3.744613250000000000e+06
3.728459750000000000e+06
3.712411000000000000e+06
3.696479750000000000e+06
3.680651250000000000e+06
3.664926250000000000e+06
3.649302000000000000e+06
3.633778750000000000e+06
3.618354500000000000e+06
3.603029750000000000e+06
3.587803000000000000e+06
3.572673750000000000e+06
3.557640750000000000e+06
3.542704000000000000e+06
3.527861750000000000e+06
3.513114250000000000e+06
3.498460000000000000e+06
3.483899500000000000e+06
3.469434750000000000e+06
3.455060750000000000e+06
3.440777000000000000e+06
3.426583250000000000e+06
3.412478000000000000e+06
3.398461750000000000e+06
3.384532750000000000e+06
3.370690000000000000e+06
3.356934000000000000e+06
3.343263500000000000e+06
3.329677500000000000e+06
3.316175500000000000e+06
3.302757500000000000e+06
3.289422750000000000e+06
3.276170000000000000e+06
3.262999250000000000e+06
3.249909250000000000e+06
3.236899750000000000e+06
3.223970500000000000e+06
3.211121250000000000e+06
3.198350250000000000e+06
3.185658500000000000e+06
3.173058000000000000e+06
3.160803250000000000e+06
3.148623250000000000e+06
3.136517500000000000e+06
3.124484000000000000e+06
3.112523250000000000e+06
3.100634500000000000e+06
3.088817500000000000e+06
3.077071250000000000e+06
3.065395250000000000e+06
3.053788750000000000e+06
3.042252000000000000e+06
3.030782750000000000e+06
3.019382750000000000e+06
3.008049750000000000e+06
2.996784250000000000e+06
2.985584500000000000e+06
2.974451500000000000e+06
2.963384000000000000e+06
2.952381500000000000e+06
2.941443500000000000e+06
2.930570000000000000e+06
2.919759250000000000e+06
2.909011500000000000e+06
2.898326750000000000e+06
2.887704000000000000e+06
2.877142500000000000e+06
2.866642750000000000e+06
2.856203000000000000e+06
2.845824500000000000e+06
2.835505000000000000e+06
2.825244500000000000e+06
2.815043250000000000e+06
2.804901000000000000e+06
2.794816250000000000e+06
2.784788250000000000e+06
2.774818750000000000e+06
2.764905250000000000e+06
2.755048250000000000e+06
2.745247250000000000e+06
2.735504250000000000e+06
2.725819000000000000e+06
2.716187750000000000e+06
2.706611500000000000e+06
2.697088000000000000e+06
2.687618250000000000e+06
2.678201500000000000e+06
2.668836750000000000e+06
2.659524750000000000e+06
2.650264500000000000e+06
2.641055000000000000e+06
2.631896500000000000e+06
2.622789000000000000e+06
2.613731500000000000e+06
2.604724000000000000e+06
2.595766250000000000e+06
2.586857500000000000e+06
2.577997250000000000e+06
2.569185500000000000e+06
2.560422250000000000e+06
2.551706750000000000e+06
2.543038250000000000e+06
2.534416750000000000e+06
2.525842250000000000e+06
2.517314500000000000e+06
2.508831750000000000e+06
2.500395750000000000e+06
2.492004750000000000e+06
2.483659000000000000e+06
2.475358000000000000e+06
2.467101000000000000e+06
2.458888250000000000e+06
2.450719250000000000e+06
2.442594750000000000e+06
2.434512250000000000e+06
2.426472750000000000e+06
2.418476250000000000e+06
2.410522000000000000e+06
2.402609750000000000e+06
2.394738750000000000e+06
2.386909750000000000e+06
2.379121250000000000e+06
2.371374000000000000e+06
2.363667250000000000e+06
2.356001000000000000e+06
2.348374000000000000e+06
2.340787000000000000e+06
2.333239750000000000e+06
2.325731500000000000e+06
2.318262000000000000e+06
2.310831500000000000e+06
2.303438500000000000e+06
2.296084000000000000e+06
2.288767750000000000e+06
2.281488250000000000e+06
2.274246750000000000e+06
2.267042000000000000e+06
2.259874000000000000e+06
2.252742750000000000e+06
2.245647750000000000e+06
2.238589000000000000e+06
2.231565500000000000e+06
2.224577750000000000e+06
2.217625500000000000e+06
2.210708500000000000e+06
2.203826000000000000e+06
2.196978250000000000e+06
2.190164500000000000e+06
2.183385500000000000e+06
2.176640000000000000e+06
2.169928500000000000e+06
2.163250000000000000e+06
2.156605250000000000e+06
2.149993000000000000e+06
2.143414000000000000e+06
2.136867500000000000e+06
2.130353250000000000e+06
2.123871500000000000e+06
2.117421000000000000e+06
2.111003000000000000e+06
2.104616000000000000e+06
2.098260500000000000e+06
2.091935750000000000e+06
2.085642250000000000e+06
2.079379500000000000e+06
2.073147125000000000e+06
2.066945125000000000e+06
2.060773250000000000e+06
2.054631250000000000e+06
2.048518750000000000e+06
2.042435875000000000e+06
2.036382500000000000e+06
2.030358125000000000e+06
2.024363000000000000e+06
2.018396000000000000e+06
2.012458000000000000e+06
2.006548250000000000e+06
2.000667000000000000e+06
1.994813375000000000e+06
1.988987750000000000e+06
1.983190000000000000e+06
1.977419500000000000e+06
1.971676375000000000e+06
1.965960625000000000e+06
1.960271250000000000e+06
1.954609250000000000e+06
1.948973750000000000e+06
1.943364500000000000e+06
1.937781625000000000e+06
1.932225125000000000e+06
1.926694375000000000e+06
1.921189500000000000e+06
1.915710250000000000e+06
1.910256500000000000e+06
1.904827750000000000e+06
1.899424500000000000e+06
1.894046125000000000e+06
1.888692500000000000e+06
1.883363875000000000e+06
1.878059750000000000e+06
1.872779750000000000e+06
1.867524000000000000e+06
1.862292625000000000e+06
1.857084750000000000e+06
1.851901000000000000e+06
1.846741000000000000e+06
1.841604125000000000e+06
1.836491000000000000e+06
1.831401000000000000e+06
1.826333750000000000e+06
1.821289375000000000e+06
1.816268125000000000e+06
1.811269625000000000e+06
1.806293375000000000e+06
1.801339500000000000e+06
1.796407625000000000e+06
1.791498250000000000e+06
1.786610625000000000e+06
1.781745000000000000e+06
1.776900875000000000e+06
1.772078500000000000e+06
1.767277625000000000e+06
1.762497875000000000e+06
1.757739375000000000e+06
1.753001875000000000e+06
1.748285375000000000e+06
1.743589750000000000e+06
1.738914500000000000e+06
1.734260000000000000e+06
1.729626000000000000e+06
1.725012250000000000e+06
1.720418875000000000e+06
1.715845250000000000e+06
1.711291875000000000e+06
1.706758250000000000e+06
1.702244250000000000e+06
1.697749875000000000e+06
1.693275125000000000e+06
1.688819750000000000e+06
1.684383375000000000e+06
1.679966500000000000e+06
1.675568125000000000e+06
1.671189000000000000e+06
1.666828625000000000e+06
1.662487125000000000e+06
1.658164125000000000e+06
1.653859750000000000e+06
1.649573375000000000e+06
1.645305500000000000e+06
1.641055875000000000e+06
1.636824125000000000e+06
1.632610625000000000e+06
1.628414750000000000e+06
1.624236750000000000e+06
1.620076250000000000e+06
1.615933375000000000e+06
1.611808000000000000e+06
1.607699875000000000e+06
1.603608875000000000e+06
1.599535250000000000e+06
1.595478625000000000e+06
1.591439125000000000e+06
1.587416500000000000e+06
1.583410250000000000e+06
1.579420750000000000e+06
1.575448125000000000e+06
1.571491875000000000e+06
1.567552000000000000e+06
1.563628250000000000e+06
1.559720750000000000e+06
1.555829500000000000e+06
1.551954250000000000e+06
1.548094875000000000e+06
1.544251375000000000e+06
1.540423750000000000e+06
1.536611625000000000e+06
1.532815000000000000e+06
1.529034000000000000e+06
1.525268625000000000e+06
1.521518000000000000e+06
1.517783250000000000e+06
1.514063625000000000e+06
1.510358375000000000e+06
1.506668875000000000e+06
1.502993875000000000e+06
1.499333750000000000e+06
1.495688250000000000e+06
1.492058125000000000e+06
1.488441875000000000e+06
1.484840000000000000e+06
1.481253000000000000e+06
1.477680375000000000e+06
1.474121625000000000e+06
1.470577375000000000e+06
1.467047000000000000e+06
1.463531000000000000e+06
1.460028625000000000e+06
1.456540125000000000e+06
1.453065500000000000e+06
1.449604750000000000e+06
1.446157375000000000e+06
1.442724000000000000e+06
1.439303750000000000e+06
1.435897250000000000e+06
1.432503875000000000e+06
1.429123875000000000e+06
1.425757375000000000e+06
1.422403625000000000e+06
1.419063125000000000e+06
1.415735500000000000e+06
1.412421125000000000e+06
1.409119250000000000e+06
1.405830500000000000e+06
1.402554375000000000e+06
1.399290875000000000e+06
1.396040125000000000e+06
1.392802000000000000e+06
1.389576000000000000e+06
1.386362625000000000e+06
1.383161625000000000e+06
1.379972750000000000e+06
1.376796250000000000e+06
1.373631625000000000e+06
1.370479375000000000e+06
1.367339125000000000e+06
1.364210750000000000e+06
1.361094250000000000e+06
1.357989875000000000e+06
1.354896875000000000e+06
1.351816000000000000e+06
1.348746375000000000e+06
1.345688625000000000e+06
1.342642250000000000e+06
1.339607375000000000e+06
1.336584000000000000e+06
1.333572000000000000e+06
1.330571000000000000e+06
1.327581625000000000e+06
1.324603250000000000e+06
1.321636125000000000e+06
1.318679875000000000e+06
1.315734750000000000e+06
1.312800500000000000e+06
1.309877125000000000e+06
1.306964750000000000e+06
1.304063125000000000e+06
1.301172375000000000e+06
1.298292125000000000e+06
1.295422625000000000e+06
1.292563375000000000e+06
1.289714875000000000e+06
1.286877125000000000e+06
1.284049375000000000e+06
1.281232125000000000e+06
1.278425125000000000e+06
1.275628375000000000e+06
1.272842000000000000e+06
1.270065500000000000e+06
1.267299500000000000e+06
1.264543375000000000e+06
1.261797250000000000e+06
1.259061250000000000e+06
1.256334875000000000e+06
1.253618375000000000e+06
1.250911750000000000e+06
1.248214875000000000e+06
1.245527875000000000e+06
1.242850500000000000e+06
1.240182625000000000e+06
1.237524250000000000e+06
1.234875750000000000e+06
1.232236375000000000e+06
1.229606500000000000e+06
1.226986000000000000e+06
1.224375000000000000e+06
1.221773250000000000e+06
1.219180500000000000e+06
1.216597125000000000e+06
1.214022750000000000e+06
1.211458000000000000e+06
1.208901875000000000e+06
1.206354875000000000e+06
1.203816750000000000e+06
1.201287750000000000e+06
1.198767375000000000e+06
1.196256125000000000e+06
1.193753750000000000e+06
1.191259750000000000e+06
1.188774750000000000e+06
1.186298625000000000e+06
1.183830750000000000e+06
1.181371500000000000e+06
1.178921125000000000e+06
1.176479250000000000e+06
1.174045375000000000e+06
1.171620375000000000e+06
1.169203625000000000e+06
1.166795250000000000e+06
1.164395125000000000e+06
1.162003375000000000e+06
1.159620000000000000e+06
1.157244500000000000e+06
1.154877375000000000e+06
1.152518375000000000e+06
1.150167250000000000e+06
1.147824500000000000e+06
1.145489500000000000e+06
1.143162750000000000e+06
1.140843625000000000e+06
1.138532625000000000e+06
1.136229125000000000e+06
1.133933750000000000e+06
1.131646125000000000e+06
1.129366250000000000e+06
1.127094125000000000e+06
1.124829500000000000e+06
1.122572750000000000e+06
1.120323500000000000e+06
1.118081750000000000e+06
1.115847750000000000e+06
1.113621250000000000e+06
1.111401875000000000e+06
1.109190250000000000e+06
1.106986000000000000e+06
1.104789000000000000e+06
1.102599375000000000e+06
1.100417000000000000e+06
1.098242000000000000e+06
1.096074125000000000e+06
1.093913375000000000e+06
1.091759875000000000e+06
1.089613625000000000e+06
1.087474375000000000e+06
1.085342125000000000e+06
1.083217000000000000e+06
1.081099000000000000e+06
1.078987750000000000e+06
1.076883625000000000e+06
1.074786250000000000e+06
1.072695750000000000e+06
1.070612250000000000e+06
1.068535625000000000e+06
1.066465375000000000e+06
1.064402250000000000e+06
1.062345750000000000e+06
1.060296125000000000e+06
1.058252875000000000e+06
1.056216375000000000e+06
1.054186500000000000e+06
1.052163125000000000e+06
1.050146375000000000e+06
1.048136000000000000e+06
1.046132312500000000e+06
1.044134937500000000e+06
1.042144125000000000e+06
1.040159562500000000e+06
1.038181562500000000e+06
1.036209750000000000e+06
1.034244375000000000e+06
1.032285125000000000e+06
1.030332312500000000e+06
1.028385625000000000e+06
1.026445250000000000e+06
1.024510812500000000e+06
1.022582812500000000e+06
1.020660812500000000e+06
1.018745000000000000e+06
1.016835062500000000e+06
1.014931375000000000e+06
1.013033687500000000e+06
1.011141875000000000e+06
1.009256125000000000e+06
1.007376187500000000e+06
1.005502312500000000e+06
1.003634250000000000e+06
1.001772187500000000e+06
9.999158125000000000e+05
9.980653750000000000e+05
9.962205625000000000e+05
9.943816250000000000e+05
9.925484375000000000e+05
9.907209375000000000e+05
9.888990000000000000e+05
9.870830000000000000e+05
9.852725000000000000e+05
9.834675625000000000e+05
9.816683750000000000e+05
9.798745000000000000e+05
9.780863750000000000e+05
9.763036250000000000e+05
9.745266250000000000e+05
9.727548750000000000e+05
9.709886250000000000e+05
9.692278125000000000e+05
9.674724375000000000e+05
9.657224375000000000e+05
9.639777500000000000e+05
9.622385000000000000e+05
9.605045000000000000e+05
9.587756875000000000e+05
9.570522500000000000e+05
9.553340625000000000e+05
9.536211875000000000e+05
9.519133125000000000e+05
9.502108750000000000e+05
9.485134375000000000e+05
9.468211875000000000e+05
9.451340625000000000e+05
9.434519375000000000e+05
9.417749375000000000e+05
9.401030000000000000e+05
9.384361250000000000e+05
9.367741875000000000e+05
9.351172500000000000e+05
9.334655000000000000e+05
9.318187500000000000e+05
9.301766875000000000e+05
9.285395625000000000e+05
9.269073750000000000e+05
9.252801875000000000e+05
9.236576875000000000e+05
9.220401250000000000e+05
9.204273125000000000e+05
9.188192500000000000e+05
9.172159375000000000e+05
9.156174375000000000e+05
9.140237500000000000e+05
9.124347500000000000e+05
9.108503125000000000e+05
9.092706250000000000e+05
9.076956250000000000e+05
9.061252500000000000e+05
9.045593750000000000e+05
9.029982500000000000e+05
9.014416250000000000e+05
8.998895000000000000e+05
8.983420625000000000e+05
8.967990000000000000e+05
8.952606250000000000e+05
8.937266875000000000e+05
8.921971250000000000e+05
8.906720625000000000e+05
8.891515000000000000e+05
8.876351250000000000e+05
8.861234375000000000e+05
8.846159375000000000e+05
8.831129375000000000e+05
8.816142500000000000e+05
8.801197500000000000e+05
8.786297500000000000e+05
8.771439375000000000e+05
8.756624375000000000e+05
8.741851250000000000e+05
8.727121250000000000e+05
8.712433750000000000e+05
8.697786250000000000e+05
8.683183750000000000e+05
8.668621250000000000e+05
8.654101875000000000e+05
8.639622500000000000e+05
8.625185625000000000e+05
8.610787500000000000e+05
8.596431250000000000e+05
8.582117500000000000e+05
8.567842500000000000e+05
8.553610000000000000e+05
8.539416250000000000e+05
8.525263125000000000e+05
8.511149375000000000e+05
8.497076250000000000e+05
8.483042500000000000e+05
8.469048125000000000e+05
8.455092500000000000e+05
8.441176875000000000e+05
8.427300000000000000e+05
8.413462500000000000e+05
8.399663125000000000e+05
8.385903125000000000e+05
8.372182500000000000e+05
8.358498750000000000e+05
8.344852500000000000e+05
8.331246250000000000e+05
8.317675000000000000e+05
8.304145625000000000e+05
8.290650000000000000e+05
8.277193750000000000e+05
8.263774375000000000e+05
8.250391250000000000e+05
8.237046250000000000e+05
8.223737500000000000e+05
8.210466875000000000e+05
8.197231250000000000e+05
8.184033125000000000e+05
8.170870000000000000e+05
8.157744375000000000e+05
8.144655000000000000e+05
8.131600625000000000e+05
8.118581875000000000e+05
8.105599375000000000e+05
8.092651875000000000e+05
8.079740000000000000e+05
8.066862500000000000e+05
8.054021875000000000e+05
8.041214375000000000e+05
8.028442500000000000e+05
8.015706250000000000e+05
8.003003125000000000e+05
7.990336250000000000e+05
7.977701250000000000e+05
7.965100625000000000e+05
7.952536250000000000e+05
7.940003750000000000e+05
7.927505625000000000e+05
7.915042500000000000e+05
7.902611875000000000e+05
7.890214375000000000e+05
7.877850625000000000e+05
7.865519375000000000e+05
7.853222500000000000e+05
7.840956875000000000e+05
7.828725625000000000e+05
7.816525625000000000e+05
7.804359375000000000e+05
7.792225000000000000e+05
7.780122500000000000e+05
7.768052500000000000e+05
7.756015000000000000e+05
7.744009375000000000e+05
7.732035000000000000e+05
7.720094375000000000e+05
7.708184375000000000e+05
7.696304375000000000e+05
7.684455625000000000e+05
7.672640000000000000e+05
7.660854375000000000e+05
7.649100625000000000e+05
7.637378750000000000e+05
7.625685625000000000e+05
7.614023750000000000e+05
7.602392500000000000e+05
7.590791250000000000e+05
7.579221250000000000e+05
7.567682500000000000e+05
7.556171250000000000e+05
7.544692500000000000e+05
7.533241250000000000e+05
7.521821875000000000e+05
7.510431250000000000e+05
7.499070625000000000e+05
7.487740000000000000e+05
7.476438125000000000e+05
7.465164375000000000e+05
7.453921875000000000e+05
7.442706875000000000e+05
7.431521250000000000e+05
7.420365000000000000e+05
7.409238750000000000e+05
7.398139375000000000e+05
7.387068750000000000e+05
7.376027500000000000e+05
7.365012500000000000e+05
7.354028125000000000e+05
7.343071250000000000e+05
7.332142500000000000e+05
7.321240625000000000e+05
7.310366875000000000e+05
7.299521875000000000e+05
7.288703125000000000e+05
7.277913750000000000e+05
7.267150000000000000e+05
7.256415000000000000e+05
7.245706875000000000e+05
7.235025625000000000e+05
7.224372500000000000e+05
7.213743750000000000e+05
7.203146250000000000e+05
7.192572500000000000e+05
7.182025000000000000e+05
7.171506250000000000e+05
7.161011875000000000e+05
7.150545000000000000e+05
7.140105000000000000e+05
7.129689375000000000e+05
7.119301875000000000e+05
7.108940000000000000e+05
7.098603750000000000e+05
7.088293750000000000e+05
7.078009375000000000e+05
7.067749375000000000e+05
7.057516250000000000e+05
7.047309375000000000e+05
7.037127500000000000e+05
7.026970625000000000e+05
7.016838125000000000e+05
7.006731250000000000e+05
6.996650625000000000e+05
6.986594375000000000e+05
6.976562500000000000e+05
6.966556875000000000e+05
6.956573750000000000e+05
6.946617500000000000e+05
6.936683750000000000e+05
6.926776875000000000e+05
6.916892500000000000e+05
6.907033125000000000e+05
6.897197500000000000e+05
6.887386250000000000e+05
6.877600000000000000e+05
6.867836250000000000e+05
6.858097500000000000e+05
6.848381875000000000e+05
6.838690625000000000e+05
6.829021875000000000e+05
6.819378125000000000e+05
6.809758125000000000e+05
6.800159375000000000e+05
6.790586875000000000e+05
6.781036250000000000e+05
6.771508125000000000e+05
6.762003750000000000e+05
6.752522500000000000e+05
6.743063750000000000e+05
6.733628125000000000e+05
6.724215625000000000e+05
6.714826250000000000e+05
6.705458125000000000e+05
6.696114375000000000e+05
6.686791250000000000e+05
6.677490625000000000e+05
6.668213125000000000e+05
6.658960000000000000e+05
6.649725000000000000e+05
6.640514375000000000e+05
6.631325625000000000e+05
6.622159375000000000e+05
6.613013750000000000e+05
6.603891250000000000e+05
6.594788750000000000e+05
6.585709375000000000e+05
6.576650000000000000e+05
6.567613125000000000e+05
6.558599375000000000e+05
6.549606250000000000e+05
6.540633125000000000e+05
6.531682500000000000e+05
