1.998555468750000000e+04
1.839394921875000000e+04
1.682704882812500000e+04
1.530419628906250000e+04
1.382538378906250000e+04
1.293557128906250000e+04
1.258778027343750000e+04
1.237221093750000000e+04
1.217680566406250000e+04
1.198516308593750000e+04
1.179707812500000000e+04
1.161240234375000000e+04
1.143102148437500000e+04
1.125284863281250000e+04
1.107780859375000000e+04
1.090583789062500000e+04
1.073688378906250000e+04
1.057089453125000000e+04
1.040782714843750000e+04
1.024763671875000000e+04
1.009028222656250000e+04
9.935726562500000000e+03
9.783925781250000000e+03
9.634842773437500000e+03
9.488438476562500000e+03
9.344675781250000000e+03
9.203511718750000000e+03
9.064912109375000000e+03
8.928833007812500000e+03
8.795237304687500000e+03
8.664083984375000000e+03
8.535333007812500000e+03
8.408946289062500000e+03
8.284880859375000000e+03
8.163097167968750000e+03
8.043554687500000000e+03
7.926214843750000000e+03
7.811035644531250000e+03
7.697977050781250000e+03
7.586999023437500000e+03
7.478062500000000000e+03
7.371128906250000000e+03
7.266156738281250000e+03
7.163109375000000000e+03
7.061947753906250000e+03
6.962633789062500000e+03
6.865129882812500000e+03
6.769397460937500000e+03
6.675404296875000000e+03
6.583109375000000000e+03
6.492479980468750000e+03
6.403481445312500000e+03
6.316079101562500000e+03
6.230237792968750000e+03
6.145924804687500000e+03
6.063108886718750000e+03
5.981758300781250000e+03
5.901839843750000000e+03
5.823323242187500000e+03
5.746178222656250000e+03
5.670376953125000000e+03
5.595888671875000000e+03
5.522684570312500000e+03
5.450737792968750000e+03
5.380020996093750000e+03
5.310507324218750000e+03
5.242170898437500000e+03
5.174987304687500000e+03
5.108928710937500000e+03
5.043972656250000000e+03
4.980095214843750000e+03
4.917272949218750000e+03
4.855482910156250000e+03
4.794701660156250000e+03
4.734908203125000000e+03
4.676080566406250000e+03
4.618198242187500000e+03
4.561238769531250000e+03
4.505183593750000000e+03
4.450012695312500000e+03
4.395705078125000000e+03
4.342241699218750000e+03
4.289604980468750000e+03
4.237773437500000000e+03
4.186729492187500000e+03
4.136454101562500000e+03
4.086928466796875000e+03
4.038133544921875000e+03
3.990049316406250000e+03
3.942655517578125000e+03
3.896770263671875000e+03
3.852170898437500000e+03
3.808240966796875000e+03
3.764965820312500000e+03
3.722332519531250000e+03
3.680326660156250000e+03
3.638936523437500000e+03
3.598147949218750000e+03
3.557949462890625000e+03
3.518330078125000000e+03
3.479277587890625000e+03
3.440780273437500000e+03
3.402828613281250000e+03
3.365410644531250000e+03
3.328516845703125000e+03
3.292137207031250000e+03
3.256261230468750000e+03
3.220880615234375000e+03
3.185985595703125000e+03
3.151566894531250000e+03
3.117615966796875000e+03
3.084124267578125000e+03
3.051083007812500000e+03
3.018484375000000000e+03
2.986320312500000000e+03
2.954583007812500000e+03
2.923264892578125000e+03
2.892358642578125000e+03
2.861856201171875000e+03
2.831751708984375000e+03
2.802037597656250000e+03
2.772706298828125000e+03
2.743752685546875000e+03
2.715169189453125000e+03
2.686950195312500000e+03
2.659088867187500000e+03
2.631579589843750000e+03
2.604416015625000000e+03
2.577592773437500000e+03
2.551103515625000000e+03
2.524943603515625000e+03
2.499107421875000000e+03
2.473588867187500000e+03
2.448383300781250000e+03
2.423485107421875000e+03
2.398890380859375000e+03
2.374593017578125000e+03
2.350590087890625000e+03
2.326874267578125000e+03
2.303443359375000000e+03
2.280291748046875000e+03
2.257414550781250000e+03
2.234808105468750000e+03
2.212468750000000000e+03
2.190391113281250000e+03
2.168571533203125000e+03
2.147006347656250000e+03
2.125691406250000000e+03
2.104623046875000000e+03
2.083796875000000000e+03
2.063209960937500000e+03
2.042857910156250000e+03
2.022737792968750000e+03
2.002845581054687500e+03
1.983178344726562500e+03
1.963732543945312500e+03
1.944504272460937500e+03
1.925491210937500000e+03
1.906689453125000000e+03
1.888096313476562500e+03
1.869708496093750000e+03
1.851522949218750000e+03
1.833536743164062500e+03
1.815747314453125000e+03
1.798151245117187500e+03
1.780746093750000000e+03
1.763528686523437500e+03
1.746496459960937500e+03
1.729647094726562500e+03
1.712978027343750000e+03
1.696485839843750000e+03
1.680168701171875000e+03
1.664023925781250000e+03
1.648049194335937500e+03
1.632242187500000000e+03
1.616600219726562500e+03
1.601121093750000000e+03
1.585802490234375000e+03
1.570642333984375000e+03
1.555638061523437500e+03
1.540788085937500000e+03
1.526089599609375000e+03
1.511541015625000000e+03
1.497140014648437500e+03
1.482884887695312500e+03
1.468773193359375000e+03
1.454803100585937500e+03
1.440972900390625000e+03
1.427280639648437500e+03
1.413724853515625000e+03
1.400302612304687500e+03
1.387012939453125000e+03
1.373853515625000000e+03
1.360823486328125000e+03
1.347920776367187500e+03
1.335143066406250000e+03
1.322489501953125000e+03
1.309957885742187500e+03
1.297546875000000000e+03
1.285255126953125000e+03
1.273080688476562500e+03
1.261022216796875000e+03
1.249078369140625000e+03
1.237247314453125000e+03
1.225527709960937500e+03
1.213918334960937500e+03
1.202417724609375000e+03
1.191024291992187500e+03
1.179737060546875000e+03
1.168554443359375000e+03
1.157474975585937500e+03
1.146497558593750000e+03
1.135621215820312500e+03
1.124844116210937500e+03
1.114165527343750000e+03
1.103584106445312500e+03
1.093098266601562500e+03
1.082707641601562500e+03
1.072410400390625000e+03
1.062205810546875000e+03
1.052092407226562500e+03
1.042069580078125000e+03
1.032135986328125000e+03
1.022290344238281250e+03
1.012532043457031250e+03
1.002859741210937500e+03
9.932728881835937500e+02
9.837700195312500000e+02
9.743504028320312500e+02
9.650130615234375000e+02
9.557570800781250000e+02
9.465813598632812500e+02
9.374854125976562500e+02
9.284681396484375000e+02
9.195284423828125000e+02
9.106660156250000000e+02
9.018795166015625000e+02
8.931683959960937500e+02
8.845316772460937500e+02
8.759688720703125000e+02
8.674790649414062500e+02
8.590612182617187500e+02
8.507151489257812500e+02
8.424398193359375000e+02
8.342346801757812500e+02
8.260989990234375000e+02
8.180322265625000000e+02
8.100333862304687500e+02
8.021022338867187500e+02
7.942379150390625000e+02
7.864400634765625000e+02
7.787077636718750000e+02
7.710405883789062500e+02
7.634380493164062500e+02
7.558995361328125000e+02
7.484243774414062500e+02
7.410125122070312500e+02
7.336625976562500000e+02
7.263751831054687500e+02
7.191487426757812500e+02
7.119834594726562500e+02
7.048787841796875000e+02
6.978342285156250000e+02
6.908491210937500000e+02
6.839233398437500000e+02
6.770564575195312500e+02
6.702478637695312500e+02
6.634974365234375000e+02
6.568046264648437500e+02
6.501691894531250000e+02
6.435904541015625000e+02
6.370680541992187500e+02
6.306016845703125000e+02
6.241909790039062500e+02
6.178355102539062500e+02
6.115351562500000000e+02
6.052893676757812500e+02
5.990980224609375000e+02
5.929606933593750000e+02
5.868772583007812500e+02
5.808473510742187500e+02
5.748709106445312500e+02
5.689475708007812500e+02
5.630772094726562500e+02
5.572595214843750000e+02
5.514946289062500000e+02
5.457821044921875000e+02
5.401219482421875000e+02
5.345140991210937500e+02
5.289583129882812500e+02
5.234545898437500000e+02
5.180030517578125000e+02
5.126034545898437500e+02
5.072558593750000000e+02
5.019603271484375000e+02
4.967168579101562500e+02
4.915255432128906250e+02
4.863863525390625000e+02
4.812994995117187500e+02
4.762651062011718750e+02
4.712832336425781250e+02
4.663541870117187500e+02
4.614779968261718750e+02
4.566549682617187500e+02
4.518853759765625000e+02
4.471694030761718750e+02
4.425073242187500000e+02
4.378996276855468750e+02
4.333464660644531250e+02
4.288482666015625000e+02
4.244053955078125000e+02
4.200183715820312500e+02
4.156875000000000000e+02
4.114134826660156250e+02
4.071966857910156250e+02
4.030375671386718750e+02
3.989368591308593750e+02
3.948949584960937500e+02
3.909127807617187500e+02
3.869907531738281250e+02
3.831295776367187500e+02
3.793300781250000000e+02
3.755930480957031250e+02
3.719190979003906250e+02
3.683091430664062500e+02
3.647640686035156250e+02
3.612846679687500000e+02
3.578719787597656250e+02
3.545267944335937500e+02
3.512501831054687500e+02
3.480431213378906250e+02
3.449066162109375000e+02
3.418417053222656250e+02
3.388494567871093750e+02
3.359309997558593750e+02
3.330874938964843750e+02
3.303200073242187500e+02
3.276296997070312500e+02
3.250177001953125000e+02
3.224851379394531250e+02
3.202337341308593750e+02
3.200346374511718750e+02
3.198371582031250000e+02
3.196412048339843750e+02
3.194467163085937500e+02
3.192536926269531250e+02
3.190621643066406250e+02
3.188720703125000000e+02
3.186833496093750000e+02
3.184959716796875000e+02
3.183100585937500000e+02
3.181255493164062500e+02
3.179422607421875000e+02
3.177603759765625000e+02
3.175797119140625000e+02
3.174003601074218750e+02
3.172223205566406250e+02
3.170454711914062500e+02
3.168698425292968750e+02
3.166955566406250000e+02
3.165223693847656250e+02
3.163503417968750000e+02
3.161795654296875000e+02
3.160098571777343750e+02
3.158414306640625000e+02
3.156740722656250000e+02
3.155078125000000000e+02
3.153426818847656250e+02
3.151786804199218750e+02
3.150157775878906250e+02
3.148538818359375000e+02
3.146931457519531250e+02
3.145333862304687500e+02
3.143747253417968750e+02
3.142171020507812500e+02
3.140604858398437500e+02
3.139049377441406250e+02
3.137504272460937500e+02
3.135968322753906250e+02
3.134443054199218750e+02
3.132927551269531250e+02
3.131422119140625000e+02
3.129926452636718750e+02
3.128441162109375000e+02
3.126964111328125000e+02
3.125498352050781250e+02
3.124041442871093750e+02
3.122593994140625000e+02
3.121156616210937500e+02
3.119728698730468750e+02
3.118309936523437500e+02
3.116900634765625000e+02
3.115500183105468750e+02
3.114109497070312500e+02
3.112728881835937500e+02
3.111356811523437500e+02
3.109994201660156250e+02
3.108640747070312500e+02
3.107297668457031250e+02
3.105969543457031250e+02
3.104649658203125000e+02
3.103338317871093750e+02
3.102036743164062500e+02
3.100743408203125000e+02
3.099458312988281250e+02
3.098182373046875000e+02
3.096915283203125000e+02
3.095657043457031250e+02
3.094407348632812500e+02
3.093165893554687500e+02
3.091932983398437500e+02
3.090709533691406250e+02
3.089493713378906250e+02
3.088286743164062500e+02
3.087088012695312500e+02
3.085897827148437500e+02
3.084716491699218750e+02
3.083543090820312500e+02
3.082378540039062500e+02
3.081222229003906250e+02
3.080074462890625000e+02
3.078934326171875000e+02
3.077803649902343750e+02
3.076679992675781250e+02
3.075565490722656250e+02
3.074459533691406250e+02
3.073360595703125000e+02
3.072270812988281250e+02
3.071188354492187500e+02
3.070114440917968750e+02
3.069048156738281250e+02
3.067990417480468750e+02
3.066941223144531250e+02
3.065899353027343750e+02
3.064865112304687500e+02
3.063839111328125000e+02
3.062821044921875000e+02
3.061810607910156250e+02
3.060807800292968750e+02
3.059812927246093750e+02
3.058825683593750000e+02
3.057846069335937500e+02
3.056874084472656250e+02
3.055910034179687500e+02
3.054953002929687500e+02
3.054003601074218750e+02
3.053061218261718750e+02
3.052126770019531250e+02
3.051199645996093750e+02
3.050279541015625000e+02
3.049366455078125000e+02
3.048461303710937500e+02
3.047563171386718750e+02
3.046671752929687500e+02
3.045787353515625000e+02
3.044909973144531250e+02
3.044039306640625000e+02
3.043175659179687500e+02
3.042318725585937500e+02
3.041468200683593750e+02
3.040625000000000000e+02
3.039788208007812500e+02
3.038957519531250000e+02
3.038133544921875000e+02
3.037315979003906250e+02
3.036505126953125000e+02
3.035699462890625000e+02
3.034901428222656250e+02
3.034109191894531250e+02
3.033322753906250000e+02
3.032542724609375000e+02
3.031768188476562500e+02
3.030999755859375000e+02
3.030236511230468750e+02
3.029479980468750000e+02
3.028728942871093750e+02
3.027983398437500000e+02
3.027243041992187500e+02
3.026508178710937500e+02
3.025779418945312500e+02
3.025055847167968750e+02
3.024338073730468750e+02
3.023624877929687500e+02
3.022916259765625000e+02
3.022214050292968750e+02
3.021516113281250000e+02
3.020823059082031250e+02
3.020135192871093750e+02
3.019451904296875000e+02
3.018773498535156250e+02
3.018099670410156250e+02
3.017431335449218750e+02
3.016766357421875000e+02
3.016106872558593750e+02
3.015451049804687500e+02
3.014800109863281250e+02
3.014153442382812500e+02
3.013510742187500000e+02
3.012872619628906250e+02
3.012238464355468750e+02
3.011607971191406250e+02
3.010982360839843750e+02
3.010360107421875000e+02
3.009741516113281250e+02
3.009126586914062500e+02
3.008516235351562500e+02
3.007909240722656250e+02
3.007305603027343750e+02
3.006705932617187500e+02
3.006109619140625000e+02
3.005516357421875000e+02
3.004927368164062500e+02
3.004340820312500000e+02
3.003758544921875000e+02
3.003179016113281250e+02
3.002602539062500000e+02
3.002028808593750000e+02
3.001459045410156250e+02
3.000892333984375000e+02
3.000328063964843750e+02
2.999766845703125000e+02
2.999208679199218750e+02
2.998653259277343750e+02
2.998100585937500000e+02
2.997551574707031250e+02
2.997004089355468750e+02
2.996459655761718750e+02
2.995917968750000000e+02
2.995379333496093750e+02
2.994842224121093750e+02
2.994307861328125000e+02
2.993776245117187500e+02
2.993247070312500000e+02
2.992720336914062500e+02
2.992195739746093750e+02
2.991673278808593750e+02
2.991153564453125000e+02
2.990635681152343750e+02
2.990120544433593750e+02
2.989606933593750000e+02
2.989095458984375000e+02
2.988586730957031250e+02
2.988079833984375000e+02
2.987574768066406250e+02
2.987071533203125000e+02
2.986570739746093750e+02
2.986071777343750000e+02
2.985574951171875000e+02
2.985079345703125000e+02
2.984585571289062500e+02
2.984094543457031250e+02
2.983604736328125000e+02
2.983116760253906250e+02
2.982630004882812500e+02
2.982146301269531250e+02
2.981662597656250000e+02
2.981181945800781250e+02
2.980702209472656250e+02
2.980224914550781250e+02
2.979748535156250000e+02
2.979273986816406250e+02
2.978800964355468750e+02
2.978329162597656250e+02
2.977859191894531250e+02
2.977390136718750000e+02
2.976923828125000000e+02
2.976458129882812500e+02
2.975993957519531250e+02
2.975531616210937500e+02
2.975070190429687500e+02
2.974610595703125000e+02
2.974151306152343750e+02
2.973694458007812500e+02
2.973238525390625000e+02
2.972783813476562500e+02
2.972330322265625000e+02
2.971878356933593750e+02
2.971427917480468750e+02
2.970978393554687500e+02
2.970530090332031250e+02
2.970083618164062500e+02
2.969637756347656250e+02
2.969193115234375000e+02
2.968749694824218750e+02
2.968307800292968750e+02
2.967866516113281250e+02
2.967426757812500000e+02
2.966987609863281250e+02
2.966549987792968750e+02
2.966113281250000000e+02
2.965677795410156250e+02
2.965243530273437500e+02
2.964810180664062500e+02
2.964377441406250000e+02
2.963946228027343750e+02
2.963516235351562500e+02
2.963086242675781250e+02
2.962658691406250000e+02
2.962231140136718750e+02
2.961805114746093750e+02
2.961379394531250000e+02
2.960954895019531250e+02
2.960531616210937500e+02
2.960108947753906250e+02
2.959687194824218750e+02
2.959266662597656250e+02
2.958846740722656250e+02
2.958428039550781250e+02
2.958009948730468750e+02
2.957592468261718750e+02
2.957176513671875000e+02
2.956760559082031250e+02
2.956346435546875000e+02
2.955932312011718750e+02
2.955519104003906250e+02
2.955107421875000000e+02
2.954696350097656250e+02
2.954285583496093750e+02
2.953875427246093750e+02
2.953466796875000000e+02
2.953058776855468750e+02
2.952651367187500000e+02
2.952244873046875000e+02
2.951838378906250000e+02
2.951433715820312500e+02
2.951029052734375000e+02
2.950625000000000000e+02
2.950222167968750000e+02
2.949819946289062500e+02
2.949418334960937500e+02
2.949017333984375000e+02
2.948617248535156250e+02
2.948217468261718750e+02
2.947818603515625000e+02
2.947420349121093750e+02
2.947022705078125000e+02
2.946625671386718750e+02
2.946230163574218750e+02
2.945834045410156250e+02
2.945439147949218750e+02
2.945044555664062500e+02
2.944650878906250000e+02
2.944257812500000000e+02
2.943865661621093750e+02
2.943473815917968750e+02
2.943082580566406250e+02
2.942691650390625000e+02
2.942301330566406250e+02
2.941912231445312500e+02
2.941523132324218750e+02
2.941134948730468750e+02
2.940747680664062500e+02
2.940359802246093750e+02
2.939972534179687500e+02
2.939587097167968750e+02
2.939201965332031250e+02
2.938815917968750000e+02
2.938431701660156250e+02
2.938048095703125000e+02
2.937664489746093750e+02
2.937281188964843750e+02
2.936898803710937500e+02
2.936516723632812500e+02
2.936135559082031250e+02
2.935754699707031250e+02
2.935374755859375000e+02
2.934994506835937500e+02
2.934614868164062500e+02
2.934235839843750000e+02
2.933857727050781250e+02
2.933479614257812500e+02
2.933102416992187500e+02
2.932724914550781250e+02
2.932348327636718750e+02
2.931972045898437500e+02
2.931596374511718750e+02
2.931220703125000000e+02
2.930846862792968750e+02
2.930472106933593750e+02
2.930097961425781250e+02
2.929724426269531250e+02
2.929351806640625000e+02
2.928979187011718750e+02
2.928606872558593750e+02
2.928235168457031250e+02
2.927863769531250000e+02
2.927492675781250000e+02
2.927122192382812500e+02
2.926752014160156250e+02
2.926382141113281250e+02
2.926012878417968750e+02
2.925643920898437500e+02
2.925275268554687500e+02
2.924907531738281250e+02
2.924539489746093750e+02
2.924172058105468750e+02
2.923805236816406250e+02
2.923438720703125000e+02
2.923072509765625000e+02
2.922706909179687500e+02
2.922340698242187500e+02
2.921975402832031250e+02
2.921611328125000000e+02
2.921246643066406250e+02
2.920882263183593750e+02
2.920518493652343750e+02
2.920155639648437500e+02
2.919792785644531250e+02
2.919429931640625000e+02
2.919067687988281250e+02
2.918705444335937500e+02
2.918344116210937500e+02
2.917982482910156250e+02
2.917621765136718750e+02
2.917261047363281250e+02
2.916900634765625000e+02
2.916540527343750000e+02
2.916181030273437500e+02
2.915821838378906250e+02
2.915463256835937500e+02
2.915104064941406250e+02
2.914746093750000000e+02
2.914387817382812500e+02
2.914029541015625000e+02
2.913672485351562500e+02
2.913315429687500000e+02
2.912958679199218750e+02
2.912601928710937500e+02
2.912246093750000000e+02
2.911889648437500000e+02
2.911534118652343750e+02
2.911179199218750000e+02
2.910824584960937500e+02
2.910469055175781250e+02
2.910114746093750000e+02
2.909760742187500000e+02
2.909407043457031250e+02
2.909052734375000000e+02
2.908699645996093750e+02
2.908346557617187500e+02
2.907994079589843750e+02
2.907641601562500000e+02
2.907289123535156250e+02
2.906937255859375000e+02
2.906585388183593750e+02
2.906234130859375000e+02
2.905883178710937500e+02
2.905532226562500000e+02
2.905181579589843750e+02
2.904831237792968750e+02
2.904481506347656250e+02
2.904131164550781250e+02
2.903781433105468750e+02
2.903432617187500000e+02
2.903083496093750000e+02
2.902734680175781250e+02
2.902386474609375000e+02
2.902038269042968750e+02
2.901690368652343750e+02
2.901342163085937500e+02
2.900994567871093750e+02
2.900647277832031250e+02
2.900300598144531250e+02
2.899953308105468750e+02
2.899606628417968750e+02
2.899261169433593750e+02
2.898914489746093750e+02
2.898568725585937500e+02
2.898223266601562500e+02
2.897878112792968750e+02
2.897532653808593750e+02
2.897188110351562500e+02
2.896842956542968750e+02
2.896498718261718750e+02
2.896154479980468750e+02
2.895810546875000000e+02
2.895466613769531250e+02
2.895122985839843750e+02
2.894779357910156250e+02
2.894437255859375000e+02
2.894093933105468750e+02
2.893751220703125000e+02
2.893409423828125000e+02
2.893066711425781250e+02
2.892725219726562500e+02
2.892383117675781250e+02
2.892041625976562500e+02
2.891700744628906250e+02
2.891359863281250000e+02
2.891018371582031250e+02
2.890678100585937500e+02
2.890337829589843750e+02
2.889997558593750000e+02
2.889657287597656250e+02
2.889317626953125000e+02
2.888977966308593750e+02
2.888638610839843750e+02
2.888299865722656250e+02
2.887960815429687500e+02
2.887621765136718750e+02
2.887283325195312500e+02
2.886945190429687500e+02
2.886606750488281250e+02
2.886268920898437500e+02
2.885931091308593750e+02
2.885593872070312500e+02
2.885256958007812500e+02
2.884919128417968750e+02
2.884582824707031250e+02
2.884246215820312500e+02
2.883909301757812500e+02
2.883572998046875000e+02
2.883236694335937500e+02
2.882901000976562500e+02
2.882565612792968750e+02
2.882229919433593750e+02
2.881894531250000000e+02
2.881559448242187500e+02
2.881224365234375000e+02
2.880889587402343750e+02
2.880555419921875000e+02
2.880220947265625000e+02
2.879886779785156250e+02
2.879553222656250000e+02
2.879219055175781250e+02
2.878885498046875000e+02
2.878552246093750000e+02
2.878218994140625000e+02
2.877885742187500000e+02
2.877552795410156250e+02
2.877220458984375000e+02
2.876888122558593750e+02
2.876555786132812500e+02
2.876223144531250000e+02
2.875891723632812500e+02
2.875559997558593750e+02
2.875228271484375000e+02
2.874896545410156250e+02
2.874566040039062500e+02
2.874234619140625000e+02
2.873904418945312500e+02
2.873573913574218750e+02
2.873242492675781250e+02
2.872913208007812500e+02
2.872582397460937500e+02
2.872252807617187500e+02
2.871923217773437500e+02
2.871593933105468750e+02
2.871264343261718750e+02
2.870935058593750000e+02
2.870605773925781250e+02
2.870277099609375000e+02
2.869948730468750000e+02
2.869620361328125000e+02
2.869291992187500000e+02
2.868963928222656250e+02
2.868636169433593750e+02
2.868308715820312500e+02
2.867980651855468750e+02
2.867653198242187500e+02
2.867326049804687500e+02
2.866998901367187500e+02
2.866671752929687500e+02
2.866344909667968750e+02
2.866019287109375000e+02
2.865692749023437500e+02
2.865366210937500000e+02
2.865040588378906250e+02
2.864714355468750000e+02
2.864389038085937500e+02
2.864063415527343750e+02
2.863738403320312500e+02
2.863413085937500000e+02
2.863088073730468750e+02
2.862763366699218750e+02
2.862438964843750000e+02
2.862114562988281250e+02
2.861789855957031250e+02
2.861465759277343750e+02
2.861141967773437500e+02
2.860817871093750000e+02
2.860494079589843750e+02
2.860170898437500000e+02
2.859847412109375000e+02
2.859524841308593750e+02
2.859201965332031250e+02
2.858879089355468750e+02
2.858556823730468750e+02
2.858234252929687500e+02
2.857911376953125000e+02
2.857589416503906250e+02
2.857267761230468750e+02
2.856945800781250000e+02
2.856624145507812500e+02
2.856302795410156250e+02
2.855981750488281250e+02
2.855660705566406250e+02
2.855339965820312500e+02
2.855018920898437500e+02
2.854698181152343750e+02
2.854377441406250000e+02
2.854057312011718750e+02
2.853737182617187500e+02
2.853417053222656250e+02
2.853098144531250000e+02
2.852778015136718750e+02
2.852459106445312500e+02
2.852139282226562500e+02
2.851820373535156250e+02
2.851501159667968750e+02
2.851182250976562500e+02
2.850863647460937500e+02
2.850545654296875000e+02
2.850226440429687500e+02
2.849908752441406250e+02
2.849590759277343750e+02
2.849273376464843750e+02
2.848955383300781250e+02
2.848638000488281250e+02
2.848320617675781250e+02
2.848002929687500000e+02
2.847686462402343750e+02
2.847369689941406250e+02
2.847052612304687500e+02
2.846735839843750000e+02
2.846419982910156250e+02
2.846103820800781250e+02
2.845787658691406250e+02
2.845471801757812500e+02
2.845156250000000000e+02
2.844840087890625000e+02
2.844524841308593750e+02
2.844209899902343750e+02
2.843894348144531250e+02
2.843579406738281250e+02
2.843264770507812500e+02
2.842950134277343750e+02
2.842635498046875000e+02
2.842321777343750000e+02
2.842007446289062500e+02
2.841693420410156250e+02
2.841380004882812500e+02
2.841065979003906250e+02
2.840751953125000000e+02
2.840439147949218750e+02
2.840125427246093750e+02
2.839812622070312500e+02
2.839499511718750000e+02
2.839187011718750000e+02
2.838874206542968750e+02
2.838562011718750000e+02
2.838249816894531250e+02
2.837937622070312500e+02
2.837626037597656250e+02
2.837314453125000000e+02
2.837002258300781250e+02
2.836691284179687500e+02
2.836379394531250000e+02
2.836069030761718750e+02
2.835757751464843750e+02
2.835447082519531250e+02
2.835136413574218750e+02
2.834826049804687500e+02
2.834515075683593750e+02
2.834205017089843750e+02
2.833894958496093750e+02
2.833585205078125000e+02
2.833275451660156250e+02
2.832965698242187500e+02
2.832656250000000000e+02
2.832347412109375000e+02
2.832038269042968750e+02
2.831729431152343750e+02
2.831420288085937500e+02
2.831111755371093750e+02
2.830803222656250000e+02
2.830495300292968750e+02
2.830186767578125000e+02
2.829878845214843750e+02
2.829570922851562500e+02
2.829262695312500000e+02
2.828955383300781250e+02
2.828648376464843750e+02
2.828341064453125000e+02
2.828033752441406250e+02
2.827727050781250000e+02
2.827420043945312500e+02
2.827113647460937500e+02
2.826807250976562500e+02
2.826500549316406250e+02
2.826194458007812500e+02
2.825888366699218750e+02
2.825582275390625000e+02
2.825276794433593750e+02
2.824971313476562500e+02
2.824666442871093750e+02
2.824360961914062500e+02
2.824055786132812500e+02
2.823750915527343750e+02
2.823446044921875000e+02
