4.351937600000000000e+07
3.792130800000000000e+07
3.275991600000000000e+07
2.804013600000000000e+07
2.405478400000000000e+07
2.050495200000000000e+07
1.752651600000000000e+07
1.646743800000000000e+07
1.632948900000000000e+07
1.619531200000000000e+07
1.606429400000000000e+07
1.593596600000000000e+07
1.580997700000000000e+07
1.568605800000000000e+07
1.556399700000000000e+07
1.544362000000000000e+07
1.532477900000000000e+07
1.520737200000000000e+07
1.509130600000000000e+07
1.497649900000000000e+07
1.486288500000000000e+07
1.475041600000000000e+07
1.463904300000000000e+07
1.452873100000000000e+07
1.441944300000000000e+07
1.431115900000000000e+07
1.420384800000000000e+07
1.409749700000000000e+07
1.399208200000000000e+07
1.388759400000000000e+07
1.378401900000000000e+07
1.368134200000000000e+07
1.357955800000000000e+07
1.347865500000000000e+07
1.337862900000000000e+07
1.327946900000000000e+07
1.318116900000000000e+07
1.308372400000000000e+07
1.298713100000000000e+07
1.289137900000000000e+07
1.279646700000000000e+07
1.270239200000000000e+07
1.260914600000000000e+07
1.251672200000000000e+07
1.242512100000000000e+07
1.233433600000000000e+07
1.224436200000000000e+07
1.215519300000000000e+07
1.206682600000000000e+07
1.197925700000000000e+07
1.189247800000000000e+07
1.180648900000000000e+07
1.172128300000000000e+07
1.163685000000000000e+07
1.155318700000000000e+07
1.147029500000000000e+07
1.138816100000000000e+07
1.130678400000000000e+07
1.122615800000000000e+07
1.114627300000000000e+07
1.106712600000000000e+07
1.098871100000000000e+07
1.091102400000000000e+07
1.083405600000000000e+07
1.075780200000000000e+07
1.068225700000000000e+07
1.060741400000000000e+07
1.053326500000000000e+07
1.045980300000000000e+07
1.038702400000000000e+07
1.031492300000000000e+07
1.024348900000000000e+07
1.017272000000000000e+07
1.010260600000000000e+07
1.003314000000000000e+07
9.964316000000000000e+06
9.896132000000000000e+06
9.828576000000000000e+06
9.761640000000000000e+06
9.695320000000000000e+06
9.629608000000000000e+06
9.564495000000000000e+06
9.499976000000000000e+06
9.436047000000000000e+06
9.372984000000000000e+06
9.310504000000000000e+06
9.248595000000000000e+06
9.187257000000000000e+06
9.126480000000000000e+06
9.066257000000000000e+06
9.006584000000000000e+06
8.947455000000000000e+06
8.888862000000000000e+06
8.830799000000000000e+06
8.773259000000000000e+06
8.716237000000000000e+06
8.659723000000000000e+06
8.603714000000000000e+06
8.548202000000000000e+06
8.493180000000000000e+06
8.438641000000000000e+06
8.384578000000000000e+06
8.330983000000000000e+06
8.277846500000000000e+06
8.225163000000000000e+06
8.172920000000000000e+06
8.121108000000000000e+06
8.069715500000000000e+06
8.019420000000000000e+06
7.969702500000000000e+06
7.920429000000000000e+06
7.871598000000000000e+06
7.823200000000000000e+06
7.775233500000000000e+06
7.727692500000000000e+06
7.680573500000000000e+06
7.633869000000000000e+06
7.587576000000000000e+06
7.541689000000000000e+06
7.496206500000000000e+06
7.451120500000000000e+06
7.406428000000000000e+06
7.362126500000000000e+06
7.318207500000000000e+06
7.274671000000000000e+06
7.231510000000000000e+06
7.188720500000000000e+06
7.146300500000000000e+06
7.104244500000000000e+06
7.062550500000000000e+06
7.021210500000000000e+06
6.980225000000000000e+06
6.939588000000000000e+06
6.899295500000000000e+06
6.859343500000000000e+06
6.819730500000000000e+06
6.780451000000000000e+06
6.741504000000000000e+06
6.702881000000000000e+06
6.664584000000000000e+06
6.626606000000000000e+06
6.588944500000000000e+06
6.551595000000000000e+06
6.514556000000000000e+06
6.477825000000000000e+06
6.441396000000000000e+06
6.405267000000000000e+06
6.369438000000000000e+06
6.333900500000000000e+06
6.298654000000000000e+06
6.263697000000000000e+06
6.229021000000000000e+06
6.194630000000000000e+06
6.160515500000000000e+06
6.126680000000000000e+06
6.093116500000000000e+06
6.059821500000000000e+06
6.026796000000000000e+06
5.994032500000000000e+06
5.961532500000000000e+06
5.929292000000000000e+06
5.897308500000000000e+06
5.865578500000000000e+06
5.834098500000000000e+06
5.802869500000000000e+06
5.771885000000000000e+06
5.741144000000000000e+06
5.710645000000000000e+06
5.680385500000000000e+06
5.650360500000000000e+06
5.620571000000000000e+06
5.591012000000000000e+06
5.561683000000000000e+06
5.532580000000000000e+06
5.503702000000000000e+06
5.475046500000000000e+06
5.446612000000000000e+06
5.418394000000000000e+06
5.390391500000000000e+06
5.362604000000000000e+06
5.335027500000000000e+06
5.307660000000000000e+06
5.280500000000000000e+06
5.253545000000000000e+06
5.226793500000000000e+06
5.200243000000000000e+06
5.173892000000000000e+06
5.147738500000000000e+06
5.121780000000000000e+06
5.096015000000000000e+06
5.070441500000000000e+06
5.045057000000000000e+06
5.019861000000000000e+06
4.994852000000000000e+06
4.970025000000000000e+06
4.945381500000000000e+06
4.920919500000000000e+06
4.896635000000000000e+06
4.872528500000000000e+06
4.848597000000000000e+06
4.824840000000000000e+06
4.801254000000000000e+06
4.777839500000000000e+06
4.754594500000000000e+06
4.731515000000000000e+06
4.708603000000000000e+06
4.685853500000000000e+06
4.663267500000000000e+06
4.640843000000000000e+06
4.618577500000000000e+06
4.596469500000000000e+06
4.574519000000000000e+06
4.552722500000000000e+06
4.531079500000000000e+06
4.509590000000000000e+06
4.488251500000000000e+06
4.467061500000000000e+06
4.446020000000000000e+06
4.425124000000000000e+06
4.404374500000000000e+06
4.383769500000000000e+06
4.363306500000000000e+06
4.342984000000000000e+06
4.322802500000000000e+06
4.302760500000000000e+06
4.282855500000000000e+06
4.263087500000000000e+06
4.243454500000000000e+06
4.223956500000000000e+06
4.204591000000000000e+06
4.185357750000000000e+06
4.166255250000000000e+06
4.147282250000000000e+06
4.128438000000000000e+06
4.109722000000000000e+06
4.091132500000000000e+06
4.072667500000000000e+06
4.054327750000000000e+06
4.036110750000000000e+06
4.018017000000000000e+06
4.000044250000000000e+06
3.982191500000000000e+06
3.964457500000000000e+06
3.946843000000000000e+06
3.929345500000000000e+06
3.911964500000000000e+06
3.894698500000000000e+06
3.877547500000000000e+06
3.860509250000000000e+06
3.843584000000000000e+06
3.826770250000000000e+06
3.810067500000000000e+06
3.793484000000000000e+06
3.777035000000000000e+06
3.760692250000000000e+06
3.744456250000000000e+06
3.728325250000000000e+06
3.712299750000000000e+06
3.696377250000000000e+06
3.680557750000000000e+06
3.664840000000000000e+06
3.649224000000000000e+06
3.633708500000000000e+06
3.618291750000000000e+06
3.602974500000000000e+06
3.587754000000000000e+06
3.572631500000000000e+06
3.557605500000000000e+06
3.542675000000000000e+06
3.527838250000000000e+06
3.513096250000000000e+06
3.498448000000000000e+06
3.483891500000000000e+06
3.469427250000000000e+06
3.455053750000000000e+06
3.440769750000000000e+06
3.426576750000000000e+06
3.412472500000000000e+06
3.398455500000000000e+06
3.384526250000000000e+06
3.370684250000000000e+06
3.356928500000000000e+06
3.343258250000000000e+06
3.329672500000000000e+06
3.316171000000000000e+06
3.302753000000000000e+06
3.289418500000000000e+06
3.276166250000000000e+06
3.262995250000000000e+06
3.249905250000000000e+06
3.236896500000000000e+06
3.223967750000000000e+06
3.211118250000000000e+06
3.198347500000000000e+06
3.185655250000000000e+06
3.173073000000000000e+06
3.160819000000000000e+06
3.148638500000000000e+06
3.136532750000000000e+06
3.124499000000000000e+06
3.112539250000000000e+06
3.100650500000000000e+06
3.088833500000000000e+06
3.077087000000000000e+06
3.065410500000000000e+06
3.053805000000000000e+06
3.042267750000000000e+06
3.030799250000000000e+06
3.019399000000000000e+06
3.008066250000000000e+06
2.996800000000000000e+06
2.985601250000000000e+06
2.974468000000000000e+06
2.963401000000000000e+06
2.952398500000000000e+06
2.941460750000000000e+06
2.930586500000000000e+06
2.919776250000000000e+06
2.909029000000000000e+06
2.898344000000000000e+06
2.887721250000000000e+06
2.877159500000000000e+06
2.866659500000000000e+06
2.856220250000000000e+06
2.845840500000000000e+06
2.835522250000000000e+06
2.825261750000000000e+06
2.815060500000000000e+06
2.804917250000000000e+06
2.794833250000000000e+06
2.784806250000000000e+06
2.774835750000000000e+06
2.764922250000000000e+06
2.755065250000000000e+06
2.745264500000000000e+06
2.735522750000000000e+06
2.725837500000000000e+06
2.716206250000000000e+06
2.706629500000000000e+06
2.697106500000000000e+06
2.687637250000000000e+06
2.678219750000000000e+06
2.668855250000000000e+06
2.659543250000000000e+06
2.650282500000000000e+06
2.641073500000000000e+06
2.631915000000000000e+06
2.622807250000000000e+06
2.613750000000000000e+06
2.604742500000000000e+06
2.595784750000000000e+06
2.586875500000000000e+06
2.578015750000000000e+06
2.569204250000000000e+06
2.560440500000000000e+06
2.551724750000000000e+06
2.543056750000000000e+06
2.534435500000000000e+06
2.525860750000000000e+06
2.517332500000000000e+06
2.508850500000000000e+06
2.500414250000000000e+06
2.492023000000000000e+06
2.483677000000000000e+06
2.475376000000000000e+06
2.467120000000000000e+06
2.458906250000000000e+06
2.450738000000000000e+06
2.442612750000000000e+06
2.434530250000000000e+06
2.426491500000000000e+06
2.418494250000000000e+06
2.410540250000000000e+06
2.402627750000000000e+06
2.394757250000000000e+06
2.386928000000000000e+06
2.379139250000000000e+06
2.371392000000000000e+06
2.363685500000000000e+06
2.356019250000000000e+06
2.348392500000000000e+06
2.340805500000000000e+06
2.333257500000000000e+06
2.325749750000000000e+06
2.318280000000000000e+06
2.310849500000000000e+06
2.303456750000000000e+06
2.296102250000000000e+06
2.288785750000000000e+06
2.281506750000000000e+06
2.274265250000000000e+06
2.267060500000000000e+06
2.259892500000000000e+06
2.252761000000000000e+06
2.245666000000000000e+06
2.238606750000000000e+06
2.231583750000000000e+06
2.224596250000000000e+06
2.217643750000000000e+06
2.210727000000000000e+06
2.203844000000000000e+06
2.196996250000000000e+06
2.190183000000000000e+06
2.183403500000000000e+06
2.176658250000000000e+06
2.169946500000000000e+06
2.163268250000000000e+06
2.156623000000000000e+06
2.150011500000000000e+06
2.143432000000000000e+06
2.136885500000000000e+06
2.130371500000000000e+06
2.123889250000000000e+06
2.117439250000000000e+06
2.111020750000000000e+06
2.104634000000000000e+06
2.098278500000000000e+06
2.091953875000000000e+06
2.085660375000000000e+06
2.079397750000000000e+06
2.073165250000000000e+06
2.066963250000000000e+06
2.060791250000000000e+06
2.054649125000000000e+06
2.048536875000000000e+06
2.042454000000000000e+06
2.036400625000000000e+06
2.030376375000000000e+06
2.024380750000000000e+06
2.018414125000000000e+06
2.012476125000000000e+06
2.006566500000000000e+06
2.000685000000000000e+06
1.994831750000000000e+06
1.989006000000000000e+06
1.983208000000000000e+06
1.977437625000000000e+06
1.971694625000000000e+06
1.965978500000000000e+06
1.960289625000000000e+06
1.954627250000000000e+06
1.948991875000000000e+06
1.943382625000000000e+06
1.937800125000000000e+06
1.932243250000000000e+06
1.926712500000000000e+06
1.921207500000000000e+06
1.915728250000000000e+06
1.910274500000000000e+06
1.904846000000000000e+06
1.899442750000000000e+06
1.894064250000000000e+06
1.888710750000000000e+06
1.883381750000000000e+06
1.878078000000000000e+06
1.872797875000000000e+06
1.867542375000000000e+06
1.862311000000000000e+06
1.857103125000000000e+06
1.851919125000000000e+06
1.846759125000000000e+06
1.841622375000000000e+06
1.836509125000000000e+06
1.831418750000000000e+06
1.826352125000000000e+06
1.821307750000000000e+06
1.816286000000000000e+06
1.811287750000000000e+06
1.806311375000000000e+06
1.801357500000000000e+06
1.796425875000000000e+06
1.791516375000000000e+06
1.786629000000000000e+06
1.781763375000000000e+06
1.776919250000000000e+06
1.772096875000000000e+06
1.767295875000000000e+06
1.762516000000000000e+06
1.757757750000000000e+06
1.753020125000000000e+06
1.748303750000000000e+06
1.743607875000000000e+06
1.738932750000000000e+06
1.734278125000000000e+06
1.729644250000000000e+06
1.725030375000000000e+06
1.720437000000000000e+06
1.715863500000000000e+06
1.711310000000000000e+06
1.706776375000000000e+06
1.702262250000000000e+06
1.697767875000000000e+06
1.693293375000000000e+06
1.688837625000000000e+06
1.684401250000000000e+06
1.679984625000000000e+06
1.675586250000000000e+06
1.671207250000000000e+06
1.666846875000000000e+06
1.662505375000000000e+06
1.658182500000000000e+06
1.653878000000000000e+06
1.649591625000000000e+06
1.645323875000000000e+06
1.641074000000000000e+06
1.636842500000000000e+06
1.632628875000000000e+06
1.628433125000000000e+06
1.624255000000000000e+06
1.620094250000000000e+06
1.615951750000000000e+06
1.611826125000000000e+06
1.607718500000000000e+06
1.603627375000000000e+06
1.599553500000000000e+06
1.595497000000000000e+06
1.591457125000000000e+06
1.587434375000000000e+06
1.583428500000000000e+06
1.579439000000000000e+06
1.575466250000000000e+06
1.571509875000000000e+06
1.567570375000000000e+06
1.563646500000000000e+06
1.559739000000000000e+06
1.555847750000000000e+06
1.551972500000000000e+06
1.548113500000000000e+06
1.544269750000000000e+06
1.540441750000000000e+06
1.536630000000000000e+06
1.532833750000000000e+06
1.529052375000000000e+06
1.525287125000000000e+06
1.521536750000000000e+06
1.517801375000000000e+06
1.514081750000000000e+06
1.510377000000000000e+06
1.506687250000000000e+06
1.503012125000000000e+06
1.499352125000000000e+06
1.495706750000000000e+06
1.492076250000000000e+06
1.488460125000000000e+06
1.484858750000000000e+06
1.481271500000000000e+06
1.477698625000000000e+06
1.474140125000000000e+06
1.470595750000000000e+06
1.467065250000000000e+06
1.463548875000000000e+06
1.460047000000000000e+06
1.456558250000000000e+06
1.453083875000000000e+06
1.449623125000000000e+06
1.446175875000000000e+06
1.442742250000000000e+06
1.439322500000000000e+06
1.435915625000000000e+06
1.432522500000000000e+06
1.429142250000000000e+06
1.425775750000000000e+06
1.422422000000000000e+06
1.419081750000000000e+06
1.415754000000000000e+06
1.412439500000000000e+06
1.409138000000000000e+06
1.405849000000000000e+06
1.402572875000000000e+06
1.399309500000000000e+06
1.396058750000000000e+06
1.392820500000000000e+06
1.389594500000000000e+06
1.386381125000000000e+06
1.383180000000000000e+06
1.379991250000000000e+06
1.376814750000000000e+06
1.373650375000000000e+06
1.370498000000000000e+06
1.367357875000000000e+06
1.364229375000000000e+06
1.361113000000000000e+06
1.358008250000000000e+06
1.354915625000000000e+06
1.351834375000000000e+06
1.348765000000000000e+06
1.345707000000000000e+06
1.342661000000000000e+06
1.339626000000000000e+06
1.336602750000000000e+06
1.333590500000000000e+06
1.330589875000000000e+06
1.327600125000000000e+06
1.324621875000000000e+06
1.321654750000000000e+06
1.318698375000000000e+06
1.315753250000000000e+06
1.312819500000000000e+06
1.309896250000000000e+06
1.306983500000000000e+06
1.304082000000000000e+06
1.301191000000000000e+06
1.298310750000000000e+06
1.295441000000000000e+06
1.292582125000000000e+06
1.289733625000000000e+06
1.286895875000000000e+06
1.284068125000000000e+06
1.281250625000000000e+06
1.278443750000000000e+06
1.275647125000000000e+06
1.272860750000000000e+06
1.270084625000000000e+06
1.267318500000000000e+06
1.264562250000000000e+06
1.261816125000000000e+06
1.259080000000000000e+06
1.256353500000000000e+06
1.253637250000000000e+06
1.250930625000000000e+06
1.248233750000000000e+06
1.245546750000000000e+06
1.242869250000000000e+06
1.240201375000000000e+06
1.237543250000000000e+06
1.234894500000000000e+06
1.232255125000000000e+06
1.229625375000000000e+06
1.227005000000000000e+06
1.224393750000000000e+06
1.221791750000000000e+06
1.219199500000000000e+06
1.216616000000000000e+06
1.214041750000000000e+06
1.211476750000000000e+06
1.208920875000000000e+06
1.206373875000000000e+06
1.203835625000000000e+06
1.201306625000000000e+06
1.198786375000000000e+06
1.196275125000000000e+06
1.193772625000000000e+06
1.191278875000000000e+06
1.188793875000000000e+06
1.186317375000000000e+06
1.183849750000000000e+06
1.181390625000000000e+06
1.178940000000000000e+06
1.176497875000000000e+06
1.174064375000000000e+06
1.171639375000000000e+06
1.169222500000000000e+06
1.166814375000000000e+06
1.164414250000000000e+06
1.162022625000000000e+06
1.159639000000000000e+06
1.157263500000000000e+06
1.154896375000000000e+06
1.152537625000000000e+06
1.150186375000000000e+06
1.147843500000000000e+06
1.145508500000000000e+06
1.143181750000000000e+06
1.140862875000000000e+06
1.138551500000000000e+06
1.136248500000000000e+06
1.133953000000000000e+06
1.131665250000000000e+06
1.129385500000000000e+06
1.127113375000000000e+06
1.124848875000000000e+06
1.122592000000000000e+06
1.120342750000000000e+06
1.118101125000000000e+06
1.115867000000000000e+06
1.113640375000000000e+06
1.111421250000000000e+06
1.109209250000000000e+06
1.107005250000000000e+06
1.104808125000000000e+06
1.102618500000000000e+06
1.100436250000000000e+06
1.098261125000000000e+06
1.096093375000000000e+06
1.093932750000000000e+06
1.091779250000000000e+06
1.089633000000000000e+06
1.087493500000000000e+06
1.085361375000000000e+06
1.083236375000000000e+06
1.081118250000000000e+06
1.079007125000000000e+06
1.076902875000000000e+06
1.074805500000000000e+06
1.072715250000000000e+06
1.070631500000000000e+06
1.068554750000000000e+06
1.066484875000000000e+06
1.064421500000000000e+06
1.062365125000000000e+06
1.060315500000000000e+06
1.058272125000000000e+06
1.056235750000000000e+06
1.054205750000000000e+06
1.052182500000000000e+06
1.050165750000000000e+06
1.048155250000000000e+06
1.046151812500000000e+06
1.044154312500000000e+06
1.042163500000000000e+06
1.040179062500000000e+06
1.038200937500000000e+06
1.036229375000000000e+06
1.034263750000000000e+06
1.032304625000000000e+06
1.030351812500000000e+06
1.028405125000000000e+06
1.026464750000000000e+06
1.024530375000000000e+06
1.022602125000000000e+06
1.020680312500000000e+06
1.018764562500000000e+06
1.016854687500000000e+06
1.014950812500000000e+06
1.013053250000000000e+06
1.011161437500000000e+06
1.009275500000000000e+06
1.007395875000000000e+06
1.005522000000000000e+06
1.003653812500000000e+06
1.001791812500000000e+06
9.999355000000000000e+05
9.980849375000000000e+05
9.962401250000000000e+05
9.944013125000000000e+05
9.925680000000000000e+05
9.907405000000000000e+05
9.889187500000000000e+05
9.871026250000000000e+05
9.852920625000000000e+05
9.834872500000000000e+05
9.816877500000000000e+05
9.798942500000000000e+05
9.781060000000000000e+05
9.763234375000000000e+05
9.745463125000000000e+05
9.727745625000000000e+05
9.710083125000000000e+05
9.692475625000000000e+05
9.674922500000000000e+05
9.657420625000000000e+05
9.639974375000000000e+05
9.622583125000000000e+05
9.605241875000000000e+05
9.587953750000000000e+05
9.570720625000000000e+05
9.553538125000000000e+05
9.536409375000000000e+05
9.519331875000000000e+05
9.502305000000000000e+05
9.485331250000000000e+05
9.468408750000000000e+05
9.451537500000000000e+05
9.434716875000000000e+05
9.417947500000000000e+05
9.401228750000000000e+05
9.384559375000000000e+05
9.367939375000000000e+05
9.351370625000000000e+05
9.334851875000000000e+05
9.318383125000000000e+05
9.301964375000000000e+05
9.285593750000000000e+05
9.269272500000000000e+05
9.253000625000000000e+05
9.236776250000000000e+05
9.220598125000000000e+05
9.204471250000000000e+05
9.188389375000000000e+05
9.172358750000000000e+05
9.156373750000000000e+05
9.140435000000000000e+05
9.124543750000000000e+05
9.108701875000000000e+05
9.092903750000000000e+05
9.077153750000000000e+05
9.061450000000000000e+05
9.045793125000000000e+05
9.030181250000000000e+05
9.014615000000000000e+05
8.999094375000000000e+05
8.983618125000000000e+05
8.968188125000000000e+05
8.952805625000000000e+05
8.937464375000000000e+05
8.922169375000000000e+05
8.906919375000000000e+05
8.891714375000000000e+05
8.876549375000000000e+05
8.861431875000000000e+05
8.846358125000000000e+05
8.831328750000000000e+05
8.816341250000000000e+05
8.801398125000000000e+05
8.786495625000000000e+05
8.771638750000000000e+05
8.756825000000000000e+05
8.742050625000000000e+05
8.727321250000000000e+05
8.712633125000000000e+05
8.697987500000000000e+05
8.683383125000000000e+05
8.668820625000000000e+05
8.654301250000000000e+05
8.639823125000000000e+05
8.625385000000000000e+05
8.610988750000000000e+05
8.596632500000000000e+05
8.582317500000000000e+05
8.568043125000000000e+05
8.553810625000000000e+05
8.539615000000000000e+05
8.525463750000000000e+05
8.511350000000000000e+05
8.497276875000000000e+05
8.483243125000000000e+05
8.469248750000000000e+05
8.455293750000000000e+05
8.441377500000000000e+05
8.427500625000000000e+05
8.413663750000000000e+05
8.399865000000000000e+05
8.386104375000000000e+05
8.372383750000000000e+05
8.358700625000000000e+05
8.345053125000000000e+05
8.331445625000000000e+05
8.317878125000000000e+05
8.304346250000000000e+05
8.290850625000000000e+05
8.277395000000000000e+05
8.263975625000000000e+05
8.250593125000000000e+05
8.237248125000000000e+05
8.223939375000000000e+05
8.210670000000000000e+05
8.197432500000000000e+05
8.184234375000000000e+05
8.171073125000000000e+05
8.157946250000000000e+05
8.144856250000000000e+05
8.131802500000000000e+05
8.118785000000000000e+05
8.105802500000000000e+05
8.092855000000000000e+05
8.079942500000000000e+05
8.067065000000000000e+05
8.054224375000000000e+05
8.041418125000000000e+05
8.028645625000000000e+05
8.015909375000000000e+05
8.003206875000000000e+05
7.990537500000000000e+05
7.977905625000000000e+05
7.965303750000000000e+05
7.952738125000000000e+05
7.940207500000000000e+05
7.927709375000000000e+05
7.915246250000000000e+05
7.902814375000000000e+05
7.890417500000000000e+05
7.878053750000000000e+05
7.865722500000000000e+05
7.853425000000000000e+05
7.841160000000000000e+05
7.828928750000000000e+05
7.816729375000000000e+05
7.804562500000000000e+05
7.792427500000000000e+05
7.780326250000000000e+05
7.768258125000000000e+05
7.756219375000000000e+05
7.744213125000000000e+05
7.732240000000000000e+05
7.720298125000000000e+05
7.708387500000000000e+05
7.696508125000000000e+05
7.684660000000000000e+05
7.672845000000000000e+05
7.661058750000000000e+05
7.649305625000000000e+05
7.637582500000000000e+05
7.625890625000000000e+05
7.614228125000000000e+05
7.602597500000000000e+05
7.590995625000000000e+05
7.579425000000000000e+05
7.567885625000000000e+05
7.556376250000000000e+05
7.544896250000000000e+05
7.533446250000000000e+05
7.522025625000000000e+05
7.510637500000000000e+05
7.499275000000000000e+05
7.487944375000000000e+05
7.476643125000000000e+05
7.465370000000000000e+05
7.454127500000000000e+05
7.442911875000000000e+05
7.431726875000000000e+05
7.420570625000000000e+05
7.409443750000000000e+05
7.398343125000000000e+05
7.387273750000000000e+05
7.376231875000000000e+05
7.365217500000000000e+05
7.354233750000000000e+05
7.343276250000000000e+05
7.332347500000000000e+05
7.321445625000000000e+05
7.310573750000000000e+05
7.299726875000000000e+05
7.288910000000000000e+05
7.278120000000000000e+05
7.267355000000000000e+05
7.256621250000000000e+05
7.245913750000000000e+05
7.235231875000000000e+05
7.224577500000000000e+05
7.213951250000000000e+05
7.203351250000000000e+05
7.192778125000000000e+05
7.182231875000000000e+05
7.171710625000000000e+05
7.161219375000000000e+05
7.150751875000000000e+05
7.140311250000000000e+05
7.129896875000000000e+05
7.119508750000000000e+05
7.109146875000000000e+05
7.098809375000000000e+05
7.088500000000000000e+05
7.078215625000000000e+05
7.067956875000000000e+05
7.057723750000000000e+05
7.047516875000000000e+05
7.037333125000000000e+05
7.027176875000000000e+05
7.017045000000000000e+05
7.006938750000000000e+05
6.996858125000000000e+05
6.986801250000000000e+05
6.976770000000000000e+05
6.966763125000000000e+05
6.956780625000000000e+05
6.946823125000000000e+05
6.936891250000000000e+05
6.926984375000000000e+05
6.917100000000000000e+05
6.907241250000000000e+05
6.897403750000000000e+05
6.887594375000000000e+05
6.877807500000000000e+05
6.868043750000000000e+05
6.858305625000000000e+05
6.848590000000000000e+05
6.838898125000000000e+05
6.829230625000000000e+05
6.819585625000000000e+05
6.809965000000000000e+05
6.800368125000000000e+05
6.790793750000000000e+05
6.781243750000000000e+05
6.771716250000000000e+05
6.762212500000000000e+05
6.752730625000000000e+05
6.743271250000000000e+05
6.733836875000000000e+05
6.724424375000000000e+05
6.715033750000000000e+05
6.705667500000000000e+05
6.696321875000000000e+05
6.687000000000000000e+05
6.677700625000000000e+05
6.668422500000000000e+05
6.659167500000000000e+05
6.649935000000000000e+05
6.640723750000000000e+05
6.631534375000000000e+05
6.622368750000000000e+05
6.613222500000000000e+05
6.604100000000000000e+05
6.594998750000000000e+05
6.585918750000000000e+05
6.576861250000000000e+05
6.567825000000000000e+05
6.558810000000000000e+05
6.549816250000000000e+05
6.540844375000000000e+05
6.531892500000000000e+05
