1.998555273437500000e+04
1.839394921875000000e+04
1.682704492187500000e+04
1.530419824218750000e+04
1.382538476562500000e+04
1.293557226562500000e+04
1.258778222656250000e+04
1.237220898437500000e+04
1.217680566406250000e+04
1.198516210937500000e+04
1.179707812500000000e+04
1.161240136718750000e+04
1.143102148437500000e+04
1.125284765625000000e+04
1.107780859375000000e+04
1.090583789062500000e+04
1.073688378906250000e+04
1.057089257812500000e+04
1.040782812500000000e+04
1.024763769531250000e+04
1.009028320312500000e+04
9.935726562500000000e+03
9.783925781250000000e+03
9.634843750000000000e+03
9.488439453125000000e+03
9.344674804687500000e+03
9.203512695312500000e+03
9.064911132812500000e+03
8.928832031250000000e+03
8.795236328125000000e+03
8.664084960937500000e+03
8.535333984375000000e+03
8.408946289062500000e+03
8.284880859375000000e+03
8.163097656250000000e+03
8.043554687500000000e+03
7.926214843750000000e+03
7.811037109375000000e+03
7.697977050781250000e+03
7.586999511718750000e+03
7.478063476562500000e+03
7.371129394531250000e+03
7.266156738281250000e+03
7.163110351562500000e+03
7.061948242187500000e+03
6.962632812500000000e+03
6.865129394531250000e+03
6.769398437500000000e+03
6.675403808593750000e+03
6.583109375000000000e+03
6.492479980468750000e+03
6.403481933593750000e+03
6.316078125000000000e+03
6.230237792968750000e+03
6.145925292968750000e+03
6.063109375000000000e+03
5.981757812500000000e+03
5.901839843750000000e+03
5.823322753906250000e+03
5.746178710937500000e+03
5.670376464843750000e+03
5.595887695312500000e+03
5.522683593750000000e+03
5.450736816406250000e+03
5.380020507812500000e+03
5.310507324218750000e+03
5.242171386718750000e+03
5.174987304687500000e+03
5.108928710937500000e+03
5.043973144531250000e+03
4.980095703125000000e+03
4.917272949218750000e+03
4.855481933593750000e+03
4.794701660156250000e+03
4.734908203125000000e+03
4.676081542968750000e+03
4.618197265625000000e+03
4.561239257812500000e+03
4.505184570312500000e+03
4.450011718750000000e+03
4.395705078125000000e+03
4.342241699218750000e+03
4.289604492187500000e+03
4.237773437500000000e+03
4.186729980468750000e+03
4.136453613281250000e+03
4.086927978515625000e+03
4.038133789062500000e+03
3.990049316406250000e+03
3.942655517578125000e+03
3.896770751953125000e+03
3.852171142578125000e+03
3.808240722656250000e+03
3.764966064453125000e+03
3.722332519531250000e+03
3.680326416015625000e+03
3.638936279296875000e+03
3.598148437500000000e+03
3.557949951171875000e+03
3.518329833984375000e+03
3.479277343750000000e+03
3.440780273437500000e+03
3.402828125000000000e+03
3.365410888671875000e+03
3.328516601562500000e+03
3.292137451171875000e+03
3.256261962890625000e+03
3.220880615234375000e+03
3.185985839843750000e+03
3.151567382812500000e+03
3.117616210937500000e+03
3.084123779296875000e+03
3.051082763671875000e+03
3.018484619140625000e+03
2.986320312500000000e+03
2.954583007812500000e+03
2.923264648437500000e+03
2.892358398437500000e+03
2.861855957031250000e+03
2.831751708984375000e+03
2.802037353515625000e+03
2.772706298828125000e+03
2.743752441406250000e+03
2.715169189453125000e+03
2.686950439453125000e+03
2.659088867187500000e+03
2.631579345703125000e+03
2.604416259765625000e+03
2.577592529296875000e+03
2.551103759765625000e+03
2.524943847656250000e+03
2.499107421875000000e+03
2.473588378906250000e+03
2.448383056640625000e+03
2.423485595703125000e+03
2.398890625000000000e+03
2.374593261718750000e+03
2.350590087890625000e+03
2.326874755859375000e+03
2.303443115234375000e+03
2.280291259765625000e+03
2.257414550781250000e+03
2.234808349609375000e+03
2.212468505859375000e+03
2.190391113281250000e+03
2.168571777343750000e+03
2.147006591796875000e+03
2.125691894531250000e+03
2.104623046875000000e+03
2.083796875000000000e+03
2.063209716796875000e+03
2.042857788085937500e+03
2.022737915039062500e+03
2.002845703125000000e+03
1.983178588867187500e+03
1.963732177734375000e+03
1.944504028320312500e+03
1.925491088867187500e+03
1.906689331054687500e+03
1.888096191406250000e+03
1.869708251953125000e+03
1.851522705078125000e+03
1.833536743164062500e+03
1.815747192382812500e+03
1.798151245117187500e+03
1.780745971679687500e+03
1.763528564453125000e+03
1.746496704101562500e+03
1.729647216796875000e+03
1.712978027343750000e+03
1.696485961914062500e+03
1.680168823242187500e+03
1.664024169921875000e+03
1.648049316406250000e+03
1.632242065429687500e+03
1.616600341796875000e+03
1.601120971679687500e+03
1.585802612304687500e+03
1.570642333984375000e+03
1.555638305664062500e+03
1.540788085937500000e+03
1.526089599609375000e+03
1.511540771484375000e+03
1.497140014648437500e+03
1.482884887695312500e+03
1.468772949218750000e+03
1.454803100585937500e+03
1.440973022460937500e+03
1.427280761718750000e+03
1.413724853515625000e+03
1.400302490234375000e+03
1.387012939453125000e+03
1.373853759765625000e+03
1.360823608398437500e+03
1.347920654296875000e+03
1.335142944335937500e+03
1.322489379882812500e+03
1.309958007812500000e+03
1.297547119140625000e+03
1.285255371093750000e+03
1.273080688476562500e+03
1.261022338867187500e+03
1.249078247070312500e+03
1.237247314453125000e+03
1.225527709960937500e+03
1.213918212890625000e+03
1.202417724609375000e+03
1.191024291992187500e+03
1.179736938476562500e+03
1.168554321289062500e+03
1.157475097656250000e+03
1.146497680664062500e+03
1.135621215820312500e+03
1.124844238281250000e+03
1.114165527343750000e+03
1.103583862304687500e+03
1.093098510742187500e+03
1.082707763671875000e+03
1.072410522460937500e+03
1.062205688476562500e+03
1.052092529296875000e+03
1.042069702148437500e+03
1.032135864257812500e+03
1.022290161132812500e+03
1.012531982421875000e+03
1.002859863281250000e+03
9.932728271484375000e+02
9.837698974609375000e+02
9.743504028320312500e+02
9.650130004882812500e+02
9.557569580078125000e+02
9.465814208984375000e+02
9.374854736328125000e+02
9.284680175781250000e+02
9.195285034179687500e+02
9.106660156250000000e+02
9.018796386718750000e+02
8.931683349609375000e+02
8.845317382812500000e+02
8.759688720703125000e+02
8.674789428710937500e+02
8.590612182617187500e+02
8.507151489257812500e+02
8.424399414062500000e+02
8.342347412109375000e+02
8.260988769531250000e+02
8.180321655273437500e+02
8.100333862304687500e+02
8.021022949218750000e+02
7.942379760742187500e+02
7.864400024414062500e+02
7.787078247070312500e+02
7.710406494140625000e+02
7.634379882812500000e+02
7.558994750976562500e+02
7.484243774414062500e+02
7.410124511718750000e+02
7.336626586914062500e+02
7.263750610351562500e+02
7.191488037109375000e+02
7.119833374023437500e+02
7.048787841796875000e+02
6.978341674804687500e+02
6.908490600585937500e+02
6.839233398437500000e+02
6.770564575195312500e+02
6.702479248046875000e+02
6.634974975585937500e+02
6.568048095703125000e+02
6.501691894531250000e+02
6.435905151367187500e+02
6.370681152343750000e+02
6.306016235351562500e+02
6.241910400390625000e+02
6.178355102539062500e+02
6.115350952148437500e+02
6.052894287109375000e+02
5.990980224609375000e+02
5.929606933593750000e+02
5.868772583007812500e+02
5.808474121093750000e+02
5.748709716796875000e+02
5.689476318359375000e+02
5.630772094726562500e+02
5.572595825195312500e+02
5.514946899414062500e+02
5.457821044921875000e+02
5.401219482421875000e+02
5.345140991210937500e+02
5.289582519531250000e+02
5.234545898437500000e+02
5.180029907226562500e+02
5.126033935546875000e+02
5.072558898925781250e+02
5.019603271484375000e+02
4.967168884277343750e+02
4.915254821777343750e+02
4.863863220214843750e+02
4.812994689941406250e+02
4.762651062011718750e+02
4.712832336425781250e+02
4.663541870117187500e+02
4.614779357910156250e+02
4.566549987792968750e+02
4.518853454589843750e+02
4.471693725585937500e+02
4.425073852539062500e+02
4.378995361328125000e+02
4.333464965820312500e+02
4.288482360839843750e+02
4.244053955078125000e+02
4.200183715820312500e+02
4.156875610351562500e+02
4.114134826660156250e+02
4.071967163085937500e+02
4.030375366210937500e+02
3.989368286132812500e+02
3.948949890136718750e+02
3.909127807617187500e+02
3.869906921386718750e+02
3.831296081542968750e+02
3.793301086425781250e+02
3.755929870605468750e+02
3.719191284179687500e+02
3.683091430664062500e+02
3.647640686035156250e+02
3.612846984863281250e+02
3.578720092773437500e+02
3.545267944335937500e+02
3.512501831054687500e+02
3.480431518554687500e+02
3.449066162109375000e+02
3.418417053222656250e+02
3.388494567871093750e+02
3.359309692382812500e+02
3.330874938964843750e+02
3.303199768066406250e+02
3.276296691894531250e+02
3.250177001953125000e+02
3.224851684570312500e+02
3.202336730957031250e+02
3.200346984863281250e+02
3.198371887207031250e+02
3.196412048339843750e+02
3.194467468261718750e+02
3.192536926269531250e+02
3.190621643066406250e+02
3.188720397949218750e+02
3.186833801269531250e+02
3.184960327148437500e+02
3.183100585937500000e+02
3.181254882812500000e+02
3.179422607421875000e+02
3.177603149414062500e+02
3.175797729492187500e+02
3.174003295898437500e+02
3.172223205566406250e+02
3.170454711914062500e+02
3.168698730468750000e+02
3.166954956054687500e+02
3.165223388671875000e+02
3.163503417968750000e+02
3.161795349121093750e+02
3.160098876953125000e+02
3.158413696289062500e+02
3.156740722656250000e+02
3.155078430175781250e+02
3.153426818847656250e+02
3.151786804199218750e+02
3.150157470703125000e+02
3.148539123535156250e+02
3.146931152343750000e+02
3.145334472656250000e+02
3.143747558593750000e+02
3.142170410156250000e+02
3.140605163574218750e+02
3.139049072265625000e+02
3.137504272460937500e+02
3.135968933105468750e+02
3.134442749023437500e+02
3.132927551269531250e+02
3.131421813964843750e+02
3.129926757812500000e+02
3.128440856933593750e+02
3.126964721679687500e+02
3.125498657226562500e+02
3.124041748046875000e+02
3.122593994140625000e+02
3.121156616210937500e+02
3.119728088378906250e+02
3.118309631347656250e+02
3.116900634765625000e+02
3.115500488281250000e+02
3.114110107421875000e+02
3.112728881835937500e+02
3.111357116699218750e+02
3.109993896484375000e+02
3.108640747070312500e+02
3.107297363281250000e+02
3.105969238281250000e+02
3.104649047851562500e+02
3.103338623046875000e+02
3.102036437988281250e+02
3.100742797851562500e+02
3.099458618164062500e+02
3.098182678222656250e+02
3.096914978027343750e+02
3.095657043457031250e+02
3.094407348632812500e+02
3.093166198730468750e+02
3.091932983398437500e+02
3.090708618164062500e+02
3.089493408203125000e+02
3.088286437988281250e+02
3.087088317871093750e+02
3.085897827148437500e+02
3.084715881347656250e+02
3.083543395996093750e+02
3.082378540039062500e+02
3.081222534179687500e+02
3.080073852539062500e+02
3.078934326171875000e+02
3.077803649902343750e+02
3.076680297851562500e+02
3.075565795898437500e+02
3.074459228515625000e+02
3.073360595703125000e+02
3.072270507812500000e+02
3.071188659667968750e+02
3.070114440917968750e+02
3.069048767089843750e+02
3.067990722656250000e+02
3.066940917968750000e+02
3.065899047851562500e+02
3.064865417480468750e+02
3.063839111328125000e+02
3.062820739746093750e+02
3.061810913085937500e+02
3.060807800292968750e+02
3.059812927246093750e+02
3.058825683593750000e+02
3.057846069335937500e+02
3.056874084472656250e+02
3.055910339355468750e+02
3.054953002929687500e+02
3.054003601074218750e+02
3.053061523437500000e+02
3.052127380371093750e+02
3.051199951171875000e+02
3.050280151367187500e+02
3.049367065429687500e+02
3.048461303710937500e+02
3.047562866210937500e+02
3.046672058105468750e+02
3.045787048339843750e+02
3.044909667968750000e+02
3.044039306640625000e+02
3.043175354003906250e+02
3.042318725585937500e+02
3.041468200683593750e+02
3.040625000000000000e+02
3.039788208007812500e+02
3.038957519531250000e+02
3.038133544921875000e+02
3.037316589355468750e+02
3.036505126953125000e+02
3.035700073242187500e+02
3.034901428222656250e+02
3.034109191894531250e+02
3.033322753906250000e+02
3.032542419433593750e+02
3.031767883300781250e+02
3.030999450683593750e+02
3.030236206054687500e+02
3.029479980468750000e+02
3.028729553222656250e+02
3.027984008789062500e+02
3.027243347167968750e+02
3.026508789062500000e+02
3.025779724121093750e+02
3.025055847167968750e+02
3.024337768554687500e+02
3.023624877929687500e+02
3.022916870117187500e+02
3.022214355468750000e+02
3.021516113281250000e+02
3.020823059082031250e+02
3.020135498046875000e+02
3.019451904296875000e+02
3.018773803710937500e+02
3.018100280761718750e+02
3.017431030273437500e+02
3.016766967773437500e+02
3.016107177734375000e+02
3.015451965332031250e+02
3.014800415039062500e+02
3.014153747558593750e+02
3.013511047363281250e+02
3.012872619628906250e+02
3.012238159179687500e+02
3.011608276367187500e+02
3.010982055664062500e+02
3.010359802246093750e+02
3.009741210937500000e+02
3.009126586914062500e+02
3.008515930175781250e+02
3.007909240722656250e+02
3.007305603027343750e+02
3.006705932617187500e+02
3.006109924316406250e+02
3.005516357421875000e+02
3.004927062988281250e+02
3.004341125488281250e+02
3.003758544921875000e+02
3.003179016113281250e+02
3.002602233886718750e+02
3.002029418945312500e+02
3.001459350585937500e+02
3.000892028808593750e+02
3.000328369140625000e+02
2.999766540527343750e+02
2.999208984375000000e+02
2.998653259277343750e+02
2.998100891113281250e+02
2.997550659179687500e+02
2.997004089355468750e+02
2.996459350585937500e+02
2.995917968750000000e+02
2.995379028320312500e+02
2.994842834472656250e+02
2.994308166503906250e+02
2.993776245117187500e+02
2.993247070312500000e+02
2.992720642089843750e+02
2.992196044921875000e+02
2.991672973632812500e+02
2.991153259277343750e+02
2.990635986328125000e+02
2.990120849609375000e+02
2.989607543945312500e+02
2.989095458984375000e+02
2.988586730957031250e+02
2.988080444335937500e+02
2.987574768066406250e+02
2.987072143554687500e+02
2.986570434570312500e+02
2.986071472167968750e+02
2.985574951171875000e+02
2.985079040527343750e+02
2.984585876464843750e+02
2.984094543457031250e+02
2.983605041503906250e+02
2.983116149902343750e+02
2.982630310058593750e+02
2.982145996093750000e+02
2.981662597656250000e+02
2.981181945800781250e+02
2.980702514648437500e+02
2.980224609375000000e+02
2.979748229980468750e+02
2.979273986816406250e+02
2.978800964355468750e+02
2.978329162597656250e+02
2.977859191894531250e+02
2.977390441894531250e+02
2.976923828125000000e+02
2.976457824707031250e+02
2.975993652343750000e+02
2.975531311035156250e+02
2.975069580078125000e+02
2.974609985351562500e+02
2.974151000976562500e+02
2.973694458007812500e+02
2.973238525390625000e+02
2.972784118652343750e+02
2.972331237792968750e+02
2.971878662109375000e+02
2.971427917480468750e+02
2.970978698730468750e+02
2.970530395507812500e+02
2.970083923339843750e+02
2.969637451171875000e+02
2.969193115234375000e+02
2.968749389648437500e+02
2.968307495117187500e+02
2.967866210937500000e+02
2.967426147460937500e+02
2.966987915039062500e+02
2.966549987792968750e+02
2.966113281250000000e+02
2.965677795410156250e+02
2.965243530273437500e+02
2.964810180664062500e+02
2.964377441406250000e+02
2.963945922851562500e+02
2.963516235351562500e+02
2.963086242675781250e+02
2.962658386230468750e+02
2.962230834960937500e+02
2.961805114746093750e+02
2.961379089355468750e+02
2.960954589843750000e+02
2.960531311035156250e+02
2.960108947753906250e+02
2.959687194824218750e+02
2.959266662597656250e+02
2.958846740722656250e+02
2.958427734375000000e+02
2.958009948730468750e+02
2.957592468261718750e+02
2.957176513671875000e+02
2.956760864257812500e+02
2.956346435546875000e+02
2.955932617187500000e+02
2.955519714355468750e+02
2.955107421875000000e+02
2.954696350097656250e+02
2.954285583496093750e+02
2.953875122070312500e+02
2.953466491699218750e+02
2.953058471679687500e+02
2.952651367187500000e+02
2.952244262695312500e+02
2.951838684082031250e+02
2.951433715820312500e+02
2.951028747558593750e+02
2.950625305175781250e+02
2.950221862792968750e+02
2.949819641113281250e+02
2.949417724609375000e+02
2.949016723632812500e+02
2.948617553710937500e+02
2.948217468261718750e+02
2.947818603515625000e+02
2.947420654296875000e+02
2.947022705078125000e+02
2.946625366210937500e+02
2.946229858398437500e+02
2.945834045410156250e+02
2.945439147949218750e+02
2.945044860839843750e+02
2.944651184082031250e+02
2.944258117675781250e+02
2.943865966796875000e+02
2.943473205566406250e+02
2.943082580566406250e+02
2.942691345214843750e+02
2.942301330566406250e+02
2.941912231445312500e+02
2.941522521972656250e+02
2.941134948730468750e+02
2.940747375488281250e+02
2.940359802246093750e+02
2.939972839355468750e+02
2.939587097167968750e+02
2.939201354980468750e+02
2.938816223144531250e+02
2.938431701660156250e+02
2.938047790527343750e+02
2.937664794921875000e+02
2.937281494140625000e+02
2.936899108886718750e+02
2.936517333984375000e+02
2.936135253906250000e+02
2.935754394531250000e+02
2.935374755859375000e+02
2.934994201660156250e+02
2.934614562988281250e+02
2.934235839843750000e+02
2.933858032226562500e+02
2.933479309082031250e+02
2.933102416992187500e+02
2.932724914550781250e+02
2.932348327636718750e+02
2.931971740722656250e+02
2.931596069335937500e+02
2.931221008300781250e+02
2.930846557617187500e+02
2.930472412109375000e+02
2.930097961425781250e+02
2.929724426269531250e+02
2.929351806640625000e+02
2.928979187011718750e+02
2.928606872558593750e+02
2.928234863281250000e+02
2.927863464355468750e+02
2.927492370605468750e+02
2.927122497558593750e+02
2.926752319335937500e+02
2.926382446289062500e+02
2.926012573242187500e+02
2.925644226074218750e+02
2.925275268554687500e+02
2.924906921386718750e+02
2.924539489746093750e+02
2.924172363281250000e+02
2.923804626464843750e+02
2.923439025878906250e+02
2.923072509765625000e+02
2.922706604003906250e+02
2.922340698242187500e+02
2.921976013183593750e+02
2.921611633300781250e+02
2.921246337890625000e+02
2.920882568359375000e+02
2.920518798828125000e+02
2.920155944824218750e+02
2.919792785644531250e+02
2.919429931640625000e+02
2.919067993164062500e+02
2.918705444335937500e+02
2.918343811035156250e+02
2.917982482910156250e+02
2.917621765136718750e+02
2.917261047363281250e+02
2.916900939941406250e+02
2.916540527343750000e+02
2.916180725097656250e+02
2.915821838378906250e+02
2.915462646484375000e+02
2.915104064941406250e+02
2.914746093750000000e+02
2.914387512207031250e+02
2.914029846191406250e+02
2.913672790527343750e+02
2.913315124511718750e+02
2.912958679199218750e+02
2.912602539062500000e+02
2.912245483398437500e+02
2.911890258789062500e+02
2.911534423828125000e+02
2.911179504394531250e+02
2.910824584960937500e+02
2.910468750000000000e+02
2.910114746093750000e+02
2.909760742187500000e+02
2.909406738281250000e+02
2.909053344726562500e+02
2.908699645996093750e+02
2.908346862792968750e+02
2.907993774414062500e+02
2.907641296386718750e+02
2.907289733886718750e+02
2.906937255859375000e+02
2.906585693359375000e+02
2.906234436035156250e+02
2.905883483886718750e+02
2.905532531738281250e+02
2.905181274414062500e+02
2.904830932617187500e+02
2.904481201171875000e+02
2.904131774902343750e+02
2.903781738281250000e+02
2.903432617187500000e+02
2.903083496093750000e+02
2.902734680175781250e+02
2.902386169433593750e+02
2.902037963867187500e+02
2.901689758300781250e+02
2.901342163085937500e+02
2.900994567871093750e+02
2.900647277832031250e+02
2.900300598144531250e+02
2.899953002929687500e+02
2.899606933593750000e+02
2.899260864257812500e+02
2.898914489746093750e+02
2.898568725585937500e+02
2.898223266601562500e+02
2.897878417968750000e+02
2.897532958984375000e+02
2.897187805175781250e+02
2.896842956542968750e+02
2.896498718261718750e+02
2.896154479980468750e+02
2.895810546875000000e+02
2.895466613769531250e+02
2.895123291015625000e+02
2.894779968261718750e+02
2.894437255859375000e+02
2.894093933105468750e+02
2.893751220703125000e+02
2.893409423828125000e+02
2.893067626953125000e+02
2.892725524902343750e+02
2.892382812500000000e+02
2.892041625976562500e+02
2.891701049804687500e+02
2.891359558105468750e+02
2.891018676757812500e+02
2.890677795410156250e+02
2.890338134765625000e+02
2.889997558593750000e+02
2.889657287597656250e+02
2.889317932128906250e+02
2.888978576660156250e+02
2.888639221191406250e+02
2.888299255371093750e+02
2.887961120605468750e+02
2.887621765136718750e+02
2.887283935546875000e+02
2.886944885253906250e+02
2.886607360839843750e+02
2.886269226074218750e+02
2.885931091308593750e+02
2.885593872070312500e+02
2.885256958007812500e+02
2.884919738769531250e+02
2.884582214355468750e+02
2.884246215820312500e+02
2.883909301757812500e+02
2.883572998046875000e+02
2.883236999511718750e+02
2.882901611328125000e+02
2.882565917968750000e+02
2.882230224609375000e+02
2.881894531250000000e+02
2.881559143066406250e+02
2.881224060058593750e+02
2.880889587402343750e+02
2.880555419921875000e+02
2.880220336914062500e+02
2.879886779785156250e+02
2.879552612304687500e+02
2.879219055175781250e+02
2.878885192871093750e+02
2.878551635742187500e+02
2.878218688964843750e+02
2.877885131835937500e+02
2.877552490234375000e+02
2.877220458984375000e+02
2.876888122558593750e+02
2.876556091308593750e+02
2.876223144531250000e+02
2.875891418457031250e+02
2.875559997558593750e+02
2.875228271484375000e+02
2.874896240234375000e+02
2.874565734863281250e+02
2.874234924316406250e+02
2.873904418945312500e+02
2.873573913574218750e+02
2.873242492675781250e+02
2.872912597656250000e+02
2.872582702636718750e+02
2.872252807617187500e+02
2.871923217773437500e+02
2.871593017578125000e+02
2.871264343261718750e+02
2.870935058593750000e+02
2.870606384277343750e+02
2.870277099609375000e+02
2.869948425292968750e+02
2.869620666503906250e+02
2.869291687011718750e+02
2.868963928222656250e+02
2.868635864257812500e+02
2.868308410644531250e+02
2.867980651855468750e+02
2.867652893066406250e+02
2.867325744628906250e+02
2.866999206542968750e+02
2.866671447753906250e+02
2.866345214843750000e+02
2.866018981933593750e+02
2.865692749023437500e+02
2.865366516113281250e+02
2.865040283203125000e+02
2.864714355468750000e+02
2.864388732910156250e+02
2.864063720703125000e+02
2.863738403320312500e+02
2.863413696289062500e+02
2.863088073730468750e+02
2.862763671875000000e+02
2.862438659667968750e+02
2.862114868164062500e+02
2.861789855957031250e+02
2.861466064453125000e+02
2.861141662597656250e+02
2.860817871093750000e+02
2.860494384765625000e+02
2.860170593261718750e+02
2.859848022460937500e+02
2.859524536132812500e+02
2.859201660156250000e+02
2.858879089355468750e+02
2.858556213378906250e+02
2.858233947753906250e+02
2.857911376953125000e+02
2.857589721679687500e+02
2.857267150878906250e+02
2.856946105957031250e+02
2.856624450683593750e+02
2.856302795410156250e+02
2.855981750488281250e+02
2.855661315917968750e+02
2.855339355468750000e+02
2.855018920898437500e+02
2.854698486328125000e+02
2.854377746582031250e+02
2.854056701660156250e+02
2.853737182617187500e+02
2.853417663574218750e+02
2.853097839355468750e+02
2.852778015136718750e+02
2.852458801269531250e+02
2.852138977050781250e+02
2.851820373535156250e+02
2.851501159667968750e+02
2.851182250976562500e+02
2.850863647460937500e+02
2.850545043945312500e+02
2.850226745605468750e+02
2.849909057617187500e+02
2.849590454101562500e+02
2.849273376464843750e+02
2.848955383300781250e+02
2.848638000488281250e+02
2.848320617675781250e+02
2.848003540039062500e+02
2.847686767578125000e+02
2.847369384765625000e+02
2.847052612304687500e+02
2.846735839843750000e+02
2.846419982910156250e+02
2.846103515625000000e+02
2.845787353515625000e+02
2.845471801757812500e+02
2.845155944824218750e+02
2.844839782714843750e+02
2.844524230957031250e+02
2.844209899902343750e+02
2.843894348144531250e+02
2.843580017089843750e+02
2.843264770507812500e+02
2.842949523925781250e+02
2.842635803222656250e+02
2.842321777343750000e+02
2.842007751464843750e+02
2.841693725585937500e+02
2.841379394531250000e+02
2.841065979003906250e+02
2.840752563476562500e+02
2.840438232421875000e+02
2.840125732421875000e+02
2.839812622070312500e+02
2.839499816894531250e+02
2.839187622070312500e+02
2.838874206542968750e+02
2.838562316894531250e+02
2.838249511718750000e+02
2.837937927246093750e+02
2.837625732421875000e+02
2.837314147949218750e+02
2.837002563476562500e+02
2.836691284179687500e+02
2.836380004882812500e+02
2.836068420410156250e+02
2.835758056640625000e+02
2.835446777343750000e+02
2.835136413574218750e+02
2.834825439453125000e+02
2.834515380859375000e+02
2.834205017089843750e+02
2.833895263671875000e+02
2.833585510253906250e+02
2.833275146484375000e+02
2.832966003417968750e+02
2.832656555175781250e+02
2.832347106933593750e+02
2.832037963867187500e+02
2.831729736328125000e+02
2.831420288085937500e+02
2.831111755371093750e+02
2.830803222656250000e+02
2.830494384765625000e+02
2.830186462402343750e+02
2.829878845214843750e+02
2.829571228027343750e+02
2.829263000488281250e+02
2.828955993652343750e+02
2.828648376464843750e+02
2.828341369628906250e+02
2.828033752441406250e+02
2.827726745605468750e+02
2.827420043945312500e+02
2.827113647460937500e+02
2.826806945800781250e+02
2.826500549316406250e+02
2.826194458007812500e+02
2.825888366699218750e+02
2.825582275390625000e+02
2.825276794433593750e+02
2.824971618652343750e+02
2.824666442871093750e+02
2.824360656738281250e+02
2.824055786132812500e+02
2.823751220703125000e+02
2.823445739746093750e+02
