6.182404000000000000e+07
5.380493600000000000e+07
4.642346800000000000e+07
3.967914400000000000e+07
3.400540000000000000e+07
2.894427800000000000e+07
2.466098000000000000e+07
2.314840800000000000e+07
2.295828400000000000e+07
2.277343800000000000e+07
2.259299600000000000e+07
2.241628800000000000e+07
2.224282800000000000e+07
2.207221600000000000e+07
2.190414600000000000e+07
2.173838000000000000e+07
2.157472200000000000e+07
2.141300000000000000e+07
2.125309000000000000e+07
2.109488000000000000e+07
2.093828200000000000e+07
2.078321600000000000e+07
2.062962200000000000e+07
2.047744400000000000e+07
2.032664000000000000e+07
2.017716400000000000e+07
2.002900000000000000e+07
1.988210000000000000e+07
1.973645600000000000e+07
1.959204600000000000e+07
1.944884800000000000e+07
1.930685200000000000e+07
1.916603800000000000e+07
1.902640400000000000e+07
1.888793000000000000e+07
1.875061600000000000e+07
1.861445000000000000e+07
1.847943000000000000e+07
1.834554400000000000e+07
1.821278400000000000e+07
1.808115200000000000e+07
1.795063400000000000e+07
1.782122800000000000e+07
1.769293400000000000e+07
1.756574200000000000e+07
1.743964200000000000e+07
1.731463800000000000e+07
1.719071600000000000e+07
1.706787800000000000e+07
1.694611400000000000e+07
1.682542000000000000e+07
1.670579100000000000e+07
1.658721600000000000e+07
1.646969400000000000e+07
1.635321500000000000e+07
1.623777700000000000e+07
1.612337000000000000e+07
1.600999200000000000e+07
1.589762900000000000e+07
1.578627600000000000e+07
1.567592800000000000e+07
1.556657700000000000e+07
1.545821400000000000e+07
1.535083300000000000e+07
1.524442800000000000e+07
1.513898800000000000e+07
1.503450400000000000e+07
1.493097300000000000e+07
1.482838300000000000e+07
1.472672500000000000e+07
1.462599400000000000e+07
1.452617600000000000e+07
1.442726700000000000e+07
1.432926000000000000e+07
1.423214200000000000e+07
1.413590300000000000e+07
1.404054400000000000e+07
1.394604400000000000e+07
1.385240000000000000e+07
1.375960200000000000e+07
1.366763500000000000e+07
1.357649900000000000e+07
1.348617700000000000e+07
1.339675500000000000e+07
1.330843400000000000e+07
1.322091400000000000e+07
1.313418800000000000e+07
1.304824600000000000e+07
1.296308100000000000e+07
1.287867900000000000e+07
1.279504000000000000e+07
1.271214500000000000e+07
1.262999600000000000e+07
1.254857700000000000e+07
1.246788100000000000e+07
1.238790400000000000e+07
1.230862900000000000e+07
1.223005400000000000e+07
1.215216600000000000e+07
1.207495500000000000e+07
1.199841700000000000e+07
1.192253500000000000e+07
1.184730400000000000e+07
1.177270800000000000e+07
1.169873800000000000e+07
1.162538000000000000e+07
1.155261700000000000e+07
1.148053500000000000e+07
1.141004300000000000e+07
1.134017200000000000e+07
1.127092400000000000e+07
1.120228500000000000e+07
1.113425500000000000e+07
1.106682100000000000e+07
1.099997900000000000e+07
1.093372300000000000e+07
1.086804600000000000e+07
1.080294000000000000e+07
1.073840300000000000e+07
1.067442500000000000e+07
1.061099900000000000e+07
1.054812400000000000e+07
1.048579200000000000e+07
1.042399500000000000e+07
1.036272800000000000e+07
1.030198600000000000e+07
1.024176500000000000e+07
1.018205800000000000e+07
1.012285800000000000e+07
1.006416300000000000e+07
1.000596400000000000e+07
9.948257000000000000e+06
9.891038000000000000e+06
9.834302000000000000e+06
9.778039000000000000e+06
9.722251000000000000e+06
9.666928000000000000e+06
9.612067000000000000e+06
9.557664000000000000e+06
9.503713000000000000e+06
9.450210000000000000e+06
9.397148000000000000e+06
9.344526000000000000e+06
9.292336000000000000e+06
9.240575000000000000e+06
9.189241000000000000e+06
9.138325000000000000e+06
9.087826000000000000e+06
9.037738000000000000e+06
8.988054000000000000e+06
8.938777000000000000e+06
8.889898000000000000e+06
8.841413000000000000e+06
8.793319000000000000e+06
8.745610000000000000e+06
8.698286000000000000e+06
8.651339000000000000e+06
8.604769000000000000e+06
8.558568000000000000e+06
8.512733000000000000e+06
8.467263000000000000e+06
8.422153000000000000e+06
8.377399500000000000e+06
8.332996000000000000e+06
8.288944500000000000e+06
8.245236000000000000e+06
8.201870500000000000e+06
8.158845000000000000e+06
8.116152000000000000e+06
8.073793000000000000e+06
8.031759000000000000e+06
7.990052000000000000e+06
7.948669000000000000e+06
7.907601500000000000e+06
7.866850000000000000e+06
7.826412000000000000e+06
7.786282500000000000e+06
7.746458000000000000e+06
7.706939000000000000e+06
7.667718500000000000e+06
7.628796000000000000e+06
7.590166500000000000e+06
7.551830000000000000e+06
7.513781000000000000e+06
7.476019000000000000e+06
7.438537500000000000e+06
7.401338000000000000e+06
7.364414000000000000e+06
7.327768000000000000e+06
7.291392500000000000e+06
7.255285500000000000e+06
7.219445500000000000e+06
7.183870500000000000e+06
7.148559000000000000e+06
7.113503000000000000e+06
7.078706500000000000e+06
7.044163000000000000e+06
7.009872000000000000e+06
6.975830500000000000e+06
6.942035000000000000e+06
6.908486500000000000e+06
6.875179000000000000e+06
6.842111000000000000e+06
6.809282000000000000e+06
6.776688500000000000e+06
6.744328500000000000e+06
6.712198500000000000e+06
6.680300000000000000e+06
6.648627500000000000e+06
6.617178000000000000e+06
6.585952000000000000e+06
6.554948000000000000e+06
6.524162500000000000e+06
6.493592500000000000e+06
6.463238000000000000e+06
6.433096000000000000e+06
6.403163000000000000e+06
6.373441000000000000e+06
6.343924500000000000e+06
6.314614000000000000e+06
6.285505000000000000e+06
6.256599500000000000e+06
6.227890500000000000e+06
6.199382000000000000e+06
6.171067500000000000e+06
6.142949000000000000e+06
6.115024000000000000e+06
6.087288500000000000e+06
6.059741500000000000e+06
6.032384500000000000e+06
6.005212000000000000e+06
5.978225000000000000e+06
5.951421000000000000e+06
5.924799000000000000e+06
5.898356000000000000e+06
5.872093000000000000e+06
5.846006500000000000e+06
5.820095000000000000e+06
5.794359000000000000e+06
5.768794500000000000e+06
5.743402000000000000e+06
5.718179500000000000e+06
5.693125000000000000e+06
5.668237000000000000e+06
5.643516000000000000e+06
5.618958000000000000e+06
5.594563000000000000e+06
5.570329500000000000e+06
5.546256500000000000e+06
5.522342500000000000e+06
5.498586500000000000e+06
5.474986500000000000e+06
5.451540000000000000e+06
5.428249000000000000e+06
5.405110000000000000e+06
5.382121000000000000e+06
5.359283500000000000e+06
5.336594000000000000e+06
5.314052000000000000e+06
5.291655500000000000e+06
5.269405500000000000e+06
5.247298500000000000e+06
5.225334000000000000e+06
5.203511500000000000e+06
5.181829500000000000e+06
5.160286000000000000e+06
5.138881000000000000e+06
5.117613500000000000e+06
5.096480000000000000e+06
5.075483500000000000e+06
5.054620000000000000e+06
5.033888500000000000e+06
5.013288000000000000e+06
4.992819000000000000e+06
4.972479000000000000e+06
4.952267500000000000e+06
4.932183000000000000e+06
4.912224000000000000e+06
4.892392000000000000e+06
4.872683500000000000e+06
4.853098000000000000e+06
4.833634000000000000e+06
4.814292500000000000e+06
4.795070000000000000e+06
4.775969500000000000e+06
4.756985500000000000e+06
4.738119000000000000e+06
4.719369000000000000e+06
4.700735000000000000e+06
4.682215000000000000e+06
4.663810000000000000e+06
4.645516500000000000e+06
4.627336500000000000e+06
4.609266000000000000e+06
4.591307000000000000e+06
4.573456000000000000e+06
4.555714500000000000e+06
4.538081000000000000e+06
4.520554000000000000e+06
4.503132000000000000e+06
4.485816500000000000e+06
4.468604500000000000e+06
4.451496000000000000e+06
4.434491000000000000e+06
4.417587000000000000e+06
4.400784500000000000e+06
4.384083000000000000e+06
4.367480000000000000e+06
4.350976500000000000e+06
4.334570500000000000e+06
4.318262000000000000e+06
4.302050000000000000e+06
4.285934000000000000e+06
4.269912000000000000e+06
4.253985500000000000e+06
4.238153000000000000e+06
4.222412500000000000e+06
4.206764500000000000e+06
4.191207750000000000e+06
4.175741750000000000e+06
4.160366000000000000e+06
4.145079250000000000e+06
4.129882000000000000e+06
4.114772250000000000e+06
4.099750250000000000e+06
4.084815250000000000e+06
4.069966250000000000e+06
4.055202000000000000e+06
4.040523250000000000e+06
4.025928000000000000e+06
4.011419000000000000e+06
3.996993500000000000e+06
3.982651250000000000e+06
3.968390000000000000e+06
3.954209500000000000e+06
3.940110250000000000e+06
3.926090000000000000e+06
3.912148750000000000e+06
3.898286750000000000e+06
3.884502000000000000e+06
3.870795000000000000e+06
3.857164500000000000e+06
3.843610750000000000e+06
3.830132500000000000e+06
3.816729500000000000e+06
3.803401250000000000e+06
3.790146250000000000e+06
3.776965500000000000e+06
3.763857500000000000e+06
3.750821250000000000e+06
3.737858500000000000e+06
3.724965500000000000e+06
3.712144750000000000e+06
3.699393000000000000e+06
3.686712250000000000e+06
3.674100250000000000e+06
3.661556750000000000e+06
3.649081750000000000e+06
3.636675500000000000e+06
3.624335750000000000e+06
3.612063250000000000e+06
3.599857000000000000e+06
3.587716000000000000e+06
3.575641500000000000e+06
3.563632000000000000e+06
3.551685500000000000e+06
3.539804250000000000e+06
3.527986750000000000e+06
3.516232250000000000e+06
3.504540000000000000e+06
3.492910250000000000e+06
3.481342500000000000e+06
3.469836250000000000e+06
3.458390500000000000e+06
3.447005000000000000e+06
3.435680750000000000e+06
3.424415250000000000e+06
3.413209250000000000e+06
3.402061750000000000e+06
3.390973250000000000e+06
3.379942250000000000e+06
3.368969000000000000e+06
3.358053250000000000e+06
3.347194250000000000e+06
3.336390500000000000e+06
3.325645250000000000e+06
3.314954750000000000e+06
3.304320000000000000e+06
3.293740250000000000e+06
3.283214500000000000e+06
3.272742500000000000e+06
3.262324250000000000e+06
3.251960000000000000e+06
3.241648000000000000e+06
3.231388750000000000e+06
3.221181000000000000e+06
3.211026250000000000e+06
3.200922750000000000e+06
3.190869750000000000e+06
3.180868000000000000e+06
3.170917250000000000e+06
3.161015750000000000e+06
3.151164500000000000e+06
3.141363000000000000e+06
3.131610000000000000e+06
3.121906500000000000e+06
3.112249750000000000e+06
3.102643000000000000e+06
3.093083500000000000e+06
3.083572000000000000e+06
3.074107250000000000e+06
3.064688500000000000e+06
3.055317500000000000e+06
3.045993000000000000e+06
3.036713500000000000e+06
3.027479750000000000e+06
3.018292000000000000e+06
3.009149000000000000e+06
3.000050250000000000e+06
2.990996000000000000e+06
2.981986750000000000e+06
2.973020750000000000e+06
2.964098500000000000e+06
2.955219500000000000e+06
2.946383500000000000e+06
2.937590750000000000e+06
2.928840000000000000e+06
2.920131250000000000e+06
2.911464750000000000e+06
2.902839250000000000e+06
2.894256000000000000e+06
2.885714000000000000e+06
2.877212000000000000e+06
2.868751500000000000e+06
2.860330750000000000e+06
2.851949500000000000e+06
2.843609250000000000e+06
2.835307750000000000e+06
2.827045750000000000e+06
2.818823000000000000e+06
2.810638750000000000e+06
2.802493500000000000e+06
2.794386750000000000e+06
2.786317250000000000e+06
2.778286000000000000e+06
2.770292250000000000e+06
2.762335750000000000e+06
2.754416250000000000e+06
2.746534500000000000e+06
2.738688500000000000e+06
2.730879500000000000e+06
2.723106500000000000e+06
2.715369250000000000e+06
2.707668250000000000e+06
2.700002000000000000e+06
2.692371500000000000e+06
2.684776750000000000e+06
2.677215500000000000e+06
2.669690000000000000e+06
2.662198250000000000e+06
2.654740750000000000e+06
2.647318250000000000e+06
2.639928500000000000e+06
2.632573000000000000e+06
2.625250500000000000e+06
2.617961500000000000e+06
2.610705000000000000e+06
2.603482250000000000e+06
2.596290750000000000e+06
2.589132750000000000e+06
2.582006250000000000e+06
2.574911500000000000e+06
2.567849500000000000e+06
2.560818500000000000e+06
2.553818750000000000e+06
2.546851250000000000e+06
2.539914000000000000e+06
2.533007250000000000e+06
2.526131750000000000e+06
2.519286750000000000e+06
2.512471750000000000e+06
2.505687250000000000e+06
2.498932000000000000e+06
2.492207000000000000e+06
2.485511000000000000e+06
2.478845250000000000e+06
2.472208250000000000e+06
2.465601000000000000e+06
2.459022000000000000e+06
2.452471750000000000e+06
2.445950250000000000e+06
2.439456500000000000e+06
2.432991250000000000e+06
2.426555000000000000e+06
2.420145750000000000e+06
2.413764000000000000e+06
2.407410500000000000e+06
2.401083750000000000e+06
2.394785000000000000e+06
2.388512500000000000e+06
2.382267500000000000e+06
2.376048500000000000e+06
2.369857000000000000e+06
2.363691500000000000e+06
2.357552250000000000e+06
2.351440000000000000e+06
2.345352250000000000e+06
2.339291000000000000e+06
2.333255500000000000e+06
2.327246000000000000e+06
2.321261250000000000e+06
2.315302000000000000e+06
2.309367750000000000e+06
2.303458500000000000e+06
2.297574500000000000e+06
2.291715000000000000e+06
2.285879000000000000e+06
2.280068750000000000e+06
2.274282000000000000e+06
2.268520000000000000e+06
2.262781750000000000e+06
2.257067250000000000e+06
2.251376250000000000e+06
2.245709500000000000e+06
2.240065750000000000e+06
2.234444750000000000e+06
2.228847750000000000e+06
2.223273750000000000e+06
2.217722250000000000e+06
2.212194000000000000e+06
2.206688500000000000e+06
2.201205500000000000e+06
2.195744500000000000e+06
2.190306000000000000e+06
2.184889750000000000e+06
2.179495500000000000e+06
2.174123000000000000e+06
2.168772500000000000e+06
2.163443750000000000e+06
2.158136500000000000e+06
2.152850750000000000e+06
2.147586250000000000e+06
2.142343250000000000e+06
2.137121000000000000e+06
2.131919750000000000e+06
2.126739500000000000e+06
2.121580000000000000e+06
2.116441000000000000e+06
2.111322750000000000e+06
2.106225000000000000e+06
2.101147250000000000e+06
2.096089875000000000e+06
2.091052625000000000e+06
2.086035125000000000e+06
2.081037875000000000e+06
2.076060125000000000e+06
2.071102000000000000e+06
2.066163250000000000e+06
2.061244250000000000e+06
2.056344625000000000e+06
2.051464125000000000e+06
2.046602875000000000e+06
2.041760500000000000e+06
2.036937125000000000e+06
2.032132625000000000e+06
2.027346750000000000e+06
2.022579875000000000e+06
2.017831125000000000e+06
2.013100750000000000e+06
2.008389000000000000e+06
2.003695375000000000e+06
1.999019875000000000e+06
1.994362750000000000e+06
1.989722875000000000e+06
1.985101000000000000e+06
1.980497750000000000e+06
1.975911375000000000e+06
1.971342875000000000e+06
1.966791875000000000e+06
1.962257750000000000e+06
1.957741625000000000e+06
1.953242375000000000e+06
1.948760375000000000e+06
1.944295250000000000e+06
1.939847250000000000e+06
1.935416000000000000e+06
1.931001750000000000e+06
1.926604000000000000e+06
1.922222875000000000e+06
1.917858375000000000e+06
1.913510000000000000e+06
1.909178125000000000e+06
1.904862625000000000e+06
1.900563125000000000e+06
1.896279875000000000e+06
1.892012625000000000e+06
1.887761250000000000e+06
1.883525875000000000e+06
1.879306250000000000e+06
1.875102125000000000e+06
1.870913250000000000e+06
1.866740625000000000e+06
1.862583625000000000e+06
1.858441125000000000e+06
1.854314500000000000e+06
1.850202750000000000e+06
1.846106250000000000e+06
1.842025000000000000e+06
1.837958750000000000e+06
1.833907625000000000e+06
1.829870625000000000e+06
1.825848875000000000e+06
1.821841625000000000e+06
1.817849125000000000e+06
1.813871250000000000e+06
1.809907875000000000e+06
1.805958750000000000e+06
1.802024000000000000e+06
1.798103625000000000e+06
1.794197250000000000e+06
1.790305125000000000e+06
1.786427125000000000e+06
1.782562750000000000e+06
1.778712250000000000e+06
1.774876250000000000e+06
1.771053500000000000e+06
1.767244625000000000e+06
1.763449375000000000e+06
1.759667625000000000e+06
1.755899125000000000e+06
1.752144750000000000e+06
1.748403125000000000e+06
1.744675250000000000e+06
1.740960250000000000e+06
1.737258625000000000e+06
1.733569875000000000e+06
1.729894750000000000e+06
1.726232125000000000e+06
1.722582625000000000e+06
1.718945750000000000e+06
1.715322125000000000e+06
1.711711000000000000e+06
1.708112500000000000e+06
1.704526500000000000e+06
1.700953000000000000e+06
1.697392125000000000e+06
1.693843750000000000e+06
1.690307625000000000e+06
1.686784125000000000e+06
1.683272500000000000e+06
1.679773750000000000e+06
1.676286500000000000e+06
1.672811250000000000e+06
1.669348125000000000e+06
1.665897375000000000e+06
1.662458375000000000e+06
1.659031125000000000e+06
1.655615750000000000e+06
1.652212125000000000e+06
1.648819875000000000e+06
1.645439875000000000e+06
1.642071000000000000e+06
1.638713875000000000e+06
1.635368000000000000e+06
1.632033500000000000e+06
1.628710750000000000e+06
1.625399125000000000e+06
1.622098500000000000e+06
1.618809250000000000e+06
1.615531125000000000e+06
1.612264625000000000e+06
1.609008625000000000e+06
1.605763500000000000e+06
1.602529500000000000e+06
1.599306750000000000e+06
1.596094500000000000e+06
1.592892875000000000e+06
1.589702375000000000e+06
1.586522625000000000e+06
1.583353000000000000e+06
1.580194500000000000e+06
1.577046375000000000e+06
1.573908750000000000e+06
1.570781625000000000e+06
1.567664750000000000e+06
1.564558375000000000e+06
1.561462250000000000e+06
1.558376500000000000e+06
1.555300875000000000e+06
1.552235375000000000e+06
1.549180125000000000e+06
1.546134750000000000e+06
1.543099375000000000e+06
1.540074375000000000e+06
1.537059125000000000e+06
1.534053625000000000e+06
1.531058375000000000e+06
1.528072875000000000e+06
1.525096875000000000e+06
1.522130250000000000e+06
1.519173625000000000e+06
1.516227250000000000e+06
1.513289625000000000e+06
1.510362000000000000e+06
1.507443500000000000e+06
1.504534750000000000e+06
1.501635625000000000e+06
1.498745250000000000e+06
1.495865125000000000e+06
1.492993750000000000e+06
1.490131250000000000e+06
1.487278750000000000e+06
1.484434875000000000e+06
1.481600375000000000e+06
1.478774875000000000e+06
1.475958375000000000e+06
1.473151250000000000e+06
1.470352500000000000e+06
1.467562750000000000e+06
1.464782625000000000e+06
1.462010750000000000e+06
1.459247750000000000e+06
1.456493625000000000e+06
1.453748250000000000e+06
1.451011500000000000e+06
1.448283500000000000e+06
1.445564000000000000e+06
1.442853125000000000e+06
1.440151125000000000e+06
1.437457125000000000e+06
1.434771750000000000e+06
1.432095000000000000e+06
1.429426750000000000e+06
1.426766500000000000e+06
1.424115000000000000e+06
1.421471375000000000e+06
1.418836125000000000e+06
1.416209125000000000e+06
1.413590125000000000e+06
1.410979875000000000e+06
1.408377250000000000e+06
1.405782875000000000e+06
1.403196750000000000e+06
1.400618125000000000e+06
1.398047875000000000e+06
1.395485500000000000e+06
1.392931000000000000e+06
1.390384125000000000e+06
1.387845500000000000e+06
1.385314625000000000e+06
1.382791375000000000e+06
1.380276125000000000e+06
1.377768375000000000e+06
1.375268375000000000e+06
1.372776000000000000e+06
1.370291125000000000e+06
1.367814125000000000e+06
1.365344500000000000e+06
1.362882125000000000e+06
1.360427500000000000e+06
1.357980250000000000e+06
1.355540750000000000e+06
1.353108250000000000e+06
1.350683500000000000e+06
1.348265500000000000e+06
1.345855500000000000e+06
1.343452375000000000e+06
1.341056500000000000e+06
1.338668125000000000e+06
1.336286500000000000e+06
1.333912250000000000e+06
1.331545125000000000e+06
1.329185125000000000e+06
1.326832125000000000e+06
1.324486250000000000e+06
1.322147250000000000e+06
1.319815250000000000e+06
1.317490375000000000e+06
1.315172500000000000e+06
1.312861500000000000e+06
1.310556875000000000e+06
1.308259250000000000e+06
1.305968750000000000e+06
1.303684875000000000e+06
1.301407750000000000e+06
1.299137375000000000e+06
1.296873750000000000e+06
1.294616500000000000e+06
1.292366125000000000e+06
1.290122375000000000e+06
1.287885000000000000e+06
1.285654625000000000e+06
1.283430500000000000e+06
1.281212875000000000e+06
1.279001750000000000e+06
1.276797125000000000e+06
1.274599000000000000e+06
1.272407250000000000e+06
1.270221750000000000e+06
1.268042625000000000e+06
1.265870000000000000e+06
1.263703500000000000e+06
1.261543500000000000e+06
1.259389500000000000e+06
1.257242000000000000e+06
1.255100375000000000e+06
1.252965000000000000e+06
1.250836125000000000e+06
1.248712875000000000e+06
1.246596125000000000e+06
1.244485375000000000e+06
1.242380375000000000e+06
1.240281875000000000e+06
1.238189375000000000e+06
1.236102500000000000e+06
1.234021875000000000e+06
1.231947000000000000e+06
1.229877875000000000e+06
1.227815000000000000e+06
1.225757875000000000e+06
1.223706750000000000e+06
1.221661000000000000e+06
1.219621375000000000e+06
1.217587750000000000e+06
1.215559375000000000e+06
1.213536875000000000e+06
1.211520250000000000e+06
1.209509375000000000e+06
1.207503750000000000e+06
1.205504375000000000e+06
1.203510250000000000e+06
1.201521750000000000e+06
1.199538750000000000e+06
1.197561500000000000e+06
1.195589625000000000e+06
1.193623375000000000e+06
1.191662750000000000e+06
1.189707375000000000e+06
1.187757500000000000e+06
1.185813125000000000e+06
1.183874000000000000e+06
1.181940250000000000e+06
1.180012125000000000e+06
1.178089125000000000e+06
1.176171625000000000e+06
1.174259375000000000e+06
1.172352125000000000e+06
1.170450375000000000e+06
1.168553875000000000e+06
1.166662750000000000e+06
1.164776625000000000e+06
1.162895875000000000e+06
1.161019875000000000e+06
1.159149250000000000e+06
1.157283875000000000e+06
1.155423625000000000e+06
1.153568500000000000e+06
1.151718125000000000e+06
1.149873000000000000e+06
1.148033000000000000e+06
1.146197750000000000e+06
1.144367750000000000e+06
1.142542500000000000e+06
1.140722500000000000e+06
1.138907125000000000e+06
1.137096750000000000e+06
1.135291500000000000e+06
1.133491000000000000e+06
1.131695250000000000e+06
1.129904375000000000e+06
1.128118625000000000e+06
1.126337250000000000e+06
1.124560875000000000e+06
1.122789250000000000e+06
1.121022250000000000e+06
1.119260250000000000e+06
1.117502750000000000e+06
1.115750000000000000e+06
1.114002000000000000e+06
1.112258750000000000e+06
1.110520000000000000e+06
1.108786000000000000e+06
1.107056375000000000e+06
1.105331625000000000e+06
1.103611250000000000e+06
1.101895500000000000e+06
1.100184250000000000e+06
1.098477750000000000e+06
1.096775625000000000e+06
1.095078000000000000e+06
1.093384875000000000e+06
1.091696375000000000e+06
1.090012000000000000e+06
1.088332375000000000e+06
1.086656875000000000e+06
1.084985875000000000e+06
1.083319375000000000e+06
1.081657125000000000e+06
1.079999250000000000e+06
1.078345875000000000e+06
1.076696625000000000e+06
1.075051625000000000e+06
1.073411125000000000e+06
1.071774750000000000e+06
1.070142875000000000e+06
1.068515125000000000e+06
1.066891375000000000e+06
1.065272000000000000e+06
1.063656875000000000e+06
1.062045875000000000e+06
1.060439000000000000e+06
1.058836375000000000e+06
1.057237875000000000e+06
1.055643625000000000e+06
1.054053250000000000e+06
1.052467000000000000e+06
1.050884875000000000e+06
1.049306875000000000e+06
1.047732812500000000e+06
1.046162937500000000e+06
1.044597125000000000e+06
1.043035125000000000e+06
1.041477125000000000e+06
1.039923187500000000e+06
1.038373250000000000e+06
1.036827187500000000e+06
1.035285125000000000e+06
1.033747062500000000e+06
1.032212625000000000e+06
1.030682375000000000e+06
1.029155875000000000e+06
1.027633250000000000e+06
1.026114562500000000e+06
1.024599562500000000e+06
1.023088500000000000e+06
1.021581187500000000e+06
1.020077875000000000e+06
1.018578312500000000e+06
1.017082250000000000e+06
1.015590000000000000e+06
1.014101812500000000e+06
1.012617312500000000e+06
1.011136187500000000e+06
1.009658937500000000e+06
1.008185437500000000e+06
1.006715625000000000e+06
1.005249562500000000e+06
1.003786875000000000e+06
1.002328125000000000e+06
1.000872937500000000e+06
9.994213750000000000e+05
9.979733125000000000e+05
9.965291250000000000e+05
9.950880000000000000e+05
9.936508125000000000e+05
9.922172500000000000e+05
9.907871250000000000e+05
9.893605625000000000e+05
9.879375625000000000e+05
9.865178750000000000e+05
9.851018125000000000e+05
9.836893750000000000e+05
9.822801875000000000e+05
9.808745625000000000e+05
9.794724375000000000e+05
9.780737500000000000e+05
9.766783125000000000e+05
9.752864375000000000e+05
9.738980000000000000e+05
9.725128125000000000e+05
9.711311250000000000e+05
9.697528750000000000e+05
9.683778750000000000e+05
9.670062500000000000e+05
9.656378750000000000e+05
9.642728125000000000e+05
9.629113125000000000e+05
9.615528750000000000e+05
9.601978750000000000e+05
9.588461250000000000e+05
9.574975625000000000e+05
9.561523125000000000e+05
9.548101875000000000e+05
9.534715000000000000e+05
9.521360625000000000e+05
9.508035625000000000e+05
9.494743750000000000e+05
9.481485000000000000e+05
9.468259375000000000e+05
9.455062500000000000e+05
9.441897500000000000e+05
9.428765625000000000e+05
9.415665000000000000e+05
9.402593750000000000e+05
9.389555000000000000e+05
9.376547500000000000e+05
9.363571875000000000e+05
9.350625625000000000e+05
9.337710625000000000e+05
9.324826250000000000e+05
