1.998555273437500000e+04
1.839394921875000000e+04
1.682704492187500000e+04
1.530419824218750000e+04
1.382538378906250000e+04
1.293557324218750000e+04
1.258778222656250000e+04
1.237221093750000000e+04
1.217680664062500000e+04
1.198516210937500000e+04
1.179707910156250000e+04
1.161240429687500000e+04
1.143102441406250000e+04
1.125285156250000000e+04
1.107780957031250000e+04
1.090584082031250000e+04
1.073688574218750000e+04
1.057089843750000000e+04
1.040782812500000000e+04
1.024763867187500000e+04
1.009028320312500000e+04
9.935725585937500000e+03
9.783926757812500000e+03
9.634842773437500000e+03
9.488437500000000000e+03
9.344673828125000000e+03
9.203509765625000000e+03
9.064908203125000000e+03
8.928828125000000000e+03
8.795231445312500000e+03
8.664077148437500000e+03
8.535325195312500000e+03
8.408937500000000000e+03
8.284870117187500000e+03
8.163086425781250000e+03
8.043541992187500000e+03
7.926201660156250000e+03
7.811020996093750000e+03
7.697961425781250000e+03
7.586981933593750000e+03
7.478044921875000000e+03
7.371109375000000000e+03
7.266136230468750000e+03
7.163085937500000000e+03
7.061923828125000000e+03
6.962607421875000000e+03
6.865102539062500000e+03
6.769368164062500000e+03
6.675373046875000000e+03
6.583077636718750000e+03
6.492446289062500000e+03
6.403445800781250000e+03
6.316041503906250000e+03
6.230199218750000000e+03
6.145885253906250000e+03
6.063067871093750000e+03
5.981715820312500000e+03
5.901793945312500000e+03
5.823276367187500000e+03
5.746130859375000000e+03
5.670326660156250000e+03
5.595836425781250000e+03
5.522630371093750000e+03
5.450683105468750000e+03
5.379964843750000000e+03
5.310449707031250000e+03
5.242112792968750000e+03
5.174925781250000000e+03
5.108866699218750000e+03
5.043909667968750000e+03
4.980031250000000000e+03
4.917207519531250000e+03
4.855415527343750000e+03
4.794632324218750000e+03
4.734838378906250000e+03
4.676009765625000000e+03
4.618125976562500000e+03
4.561165527343750000e+03
4.505110839843750000e+03
4.449937988281250000e+03
4.395629394531250000e+03
4.342165527343750000e+03
4.289527832031250000e+03
4.237697753906250000e+03
4.186652832031250000e+03
4.136377441406250000e+03
4.086851806640625000e+03
4.038057373046875000e+03
3.989973876953125000e+03
3.942581298828125000e+03
3.896661132812500000e+03
3.852058593750000000e+03
3.808125732421875000e+03
3.764848144531250000e+03
3.722211425781250000e+03
3.680203125000000000e+03
3.638809570312500000e+03
3.598018554687500000e+03
3.557817138671875000e+03
3.518194580078125000e+03
3.479139404296875000e+03
3.440639648437500000e+03
3.402684082031250000e+03
3.365263427734375000e+03
3.328367187500000000e+03
3.291984619140625000e+03
3.256106689453125000e+03
3.220722900390625000e+03
3.185824462890625000e+03
3.151403076171875000e+03
3.117448486328125000e+03
3.083953613281250000e+03
3.050909912109375000e+03
3.018308105468750000e+03
2.986140625000000000e+03
2.954400878906250000e+03
2.923079345703125000e+03
2.892170166015625000e+03
2.861664794921875000e+03
2.831557128906250000e+03
2.801839355468750000e+03
2.772505615234375000e+03
2.743548583984375000e+03
2.714961914062500000e+03
2.686739746093750000e+03
2.658875244140625000e+03
2.631363037109375000e+03
2.604196533203125000e+03
2.577369384765625000e+03
2.550877441406250000e+03
2.524714355468750000e+03
2.498874023437500000e+03
2.473352294921875000e+03
2.448143554687500000e+03
2.423242431640625000e+03
2.398644287109375000e+03
2.374344238281250000e+03
2.350337158203125000e+03
2.326618652343750000e+03
2.303183837890625000e+03
2.280028808593750000e+03
2.257149169921875000e+03
2.234539550781250000e+03
2.212196289062500000e+03
2.190115722656250000e+03
2.168292724609375000e+03
2.146724609375000000e+03
2.125406250000000000e+03
2.104334472656250000e+03
2.083505615234375000e+03
2.062915039062500000e+03
2.042560058593750000e+03
2.022436645507812500e+03
2.002541503906250000e+03
1.982871215820312500e+03
1.963421752929687500e+03
1.944190429687500000e+03
1.925174316406250000e+03
1.906369384765625000e+03
1.887773193359375000e+03
1.869381958007812500e+03
1.851193725585937500e+03
1.833204589843750000e+03
1.815411987304687500e+03
1.797812866210937500e+03
1.780404541015625000e+03
1.763184448242187500e+03
1.746149414062500000e+03
1.729297363281250000e+03
1.712625244140625000e+03
1.696130493164062500e+03
1.679810424804687500e+03
1.663663330078125000e+03
1.647685913085937500e+03
1.631875976562500000e+03
1.616231567382812500e+03
1.600749877929687500e+03
1.585429199218750000e+03
1.570266601562500000e+03
1.555260375976562500e+03
1.540407958984375000e+03
1.525707641601562500e+03
1.511157104492187500e+03
1.496754272460937500e+03
1.482496948242187500e+03
1.468383911132812500e+03
1.454412719726562500e+03
1.440581054687500000e+03
1.426887573242187500e+03
1.413329833984375000e+03
1.399906982421875000e+03
1.386616333007812500e+03
1.373456542968750000e+03
1.360425903320312500e+03
1.347522338867187500e+03
1.334744384765625000e+03
1.322090698242187500e+03
1.309559082031250000e+03
1.297148193359375000e+03
1.284856689453125000e+03
1.272682861328125000e+03
1.260625122070312500e+03
1.248682006835937500e+03
1.236852294921875000e+03
1.225134155273437500e+03
1.213525756835937500e+03
1.202027099609375000e+03
1.190635498046875000e+03
1.179350463867187500e+03
1.168170043945312500e+03
1.157093261718750000e+03
1.146118896484375000e+03
1.135245483398437500e+03
1.124471801757812500e+03
1.113796752929687500e+03
1.103219116210937500e+03
1.092737548828125000e+03
1.082351074218750000e+03
1.072058715820312500e+03
1.061858764648437500e+03
1.051750854492187500e+03
1.041733276367187500e+03
1.031805297851562500e+03
1.021966064453125000e+03
1.012213989257812500e+03
1.002548645019531250e+03
9.929685668945312500e+02
9.834731445312500000e+02
9.740610961914062500e+02
9.647317504882812500e+02
9.554840698242187500e+02
9.463173217773437500e+02
9.372303466796875000e+02
9.282222290039062500e+02
9.192922973632812500e+02
9.104398803710937500e+02
9.016638793945312500e+02
8.929635620117187500e+02
8.843378906250000000e+02
8.757865600585937500e+02
8.673085937500000000e+02
8.589031982421875000e+02
8.505697021484375000e+02
8.423074951171875000e+02
8.341157836914062500e+02
8.259940795898437500e+02
8.179411621093750000e+02
8.099572143554687500e+02
8.020410766601562500e+02
7.941922607421875000e+02
7.864100952148437500e+02
7.786940307617187500e+02
7.710435791015625000e+02
7.634580078125000000e+02
7.559368286132812500e+02
7.484796142578125000e+02
7.410855712890625000e+02
7.337546386718750000e+02
7.264858398437500000e+02
7.192788696289062500e+02
7.121333618164062500e+02
7.050487060546875000e+02
6.980244140625000000e+02
6.910603027343750000e+02
6.841556396484375000e+02
6.773103637695312500e+02
6.705236816406250000e+02
6.637952880859375000e+02
6.571250610351562500e+02
6.505122070312500000e+02
6.439562377929687500e+02
6.374568481445312500e+02
6.310139160156250000e+02
6.246266479492187500e+02
6.182951049804687500e+02
6.120186157226562500e+02
6.057969970703125000e+02
5.996300659179687500e+02
5.935172119140625000e+02
5.874584960937500000e+02
5.814536132812500000e+02
5.755021362304687500e+02
5.696040039062500000e+02
5.637588500976562500e+02
5.579666748046875000e+02
5.522271728515625000e+02
5.465402832031250000e+02
5.409057006835937500e+02
5.353234863281250000e+02
5.297935180664062500e+02
5.243156127929687500e+02
5.188898315429687500e+02
5.135160522460937500e+02
5.081943054199218750e+02
5.029244384765625000e+02
4.977065124511718750e+02
4.925408630371093750e+02
4.874271545410156250e+02
4.823655700683593750e+02
4.773563232421875000e+02
4.723995056152343750e+02
4.674951782226562500e+02
4.626434936523437500e+02
4.578448181152343750e+02
4.530992736816406250e+02
4.484069824218750000e+02
4.437682800292968750e+02
4.391835327148437500e+02
4.346529846191406250e+02
4.301769714355468750e+02
4.257557678222656250e+02
4.213899230957031250e+02
4.170797119140625000e+02
4.128257751464843750e+02
4.086282958984375000e+02
4.044880065917968750e+02
4.004053344726562500e+02
3.963807983398437500e+02
3.924151306152343750e+02
3.885088500976562500e+02
3.846625366210937500e+02
3.808769836425781250e+02
3.771528930664062500e+02
3.734909057617187500e+02
3.698917846679687500e+02
3.663564758300781250e+02
3.628856811523437500e+02
3.594803161621093750e+02
3.561412353515625000e+02
3.528694458007812500e+02
3.496657409667968750e+02
3.465311889648437500e+02
3.434667358398437500e+02
3.404734497070312500e+02
3.375523071289062500e+02
3.347044372558593750e+02
3.319309387207031250e+02
3.292328186035156250e+02
3.266112365722656250e+02
3.240672607421875000e+02
3.216020812988281250e+02
3.202806396484375000e+02
3.200844421386718750e+02
3.198897705078125000e+02
3.196965026855468750e+02
3.195049133300781250e+02
3.193146667480468750e+02
3.191259155273437500e+02
3.189384765625000000e+02
3.187525329589843750e+02
3.185679626464843750e+02
3.183847656250000000e+02
3.182028503417968750e+02
3.180223083496093750e+02
3.178431091308593750e+02
3.176651611328125000e+02
3.174884643554687500e+02
3.173130187988281250e+02
3.171388549804687500e+02
3.169658813476562500e+02
3.167940979003906250e+02
3.166235046386718750e+02
3.164540710449218750e+02
3.162858276367187500e+02
3.161187438964843750e+02
3.159527587890625000e+02
3.157879333496093750e+02
3.156242675781250000e+02
3.154615783691406250e+02
3.153000183105468750e+02
3.151404724121093750e+02
3.149825134277343750e+02
3.148255004882812500e+02
3.146694946289062500e+02
3.145145263671875000e+02
3.143605346679687500e+02
3.142074584960937500e+02
3.140554199218750000e+02
3.139043273925781250e+02
3.137541809082031250e+02
3.136048889160156250e+02
3.134566955566406250e+02
3.133093261718750000e+02
3.131629638671875000e+02
3.130174865722656250e+02
3.128728942871093750e+02
3.127292480468750000e+02
3.125865478515625000e+02
3.124447326660156250e+02
3.123038024902343750e+02
3.121637573242187500e+02
3.120246582031250000e+02
3.118864135742187500e+02
3.117491455078125000e+02
3.116126708984375000e+02
3.114771118164062500e+02
3.113424377441406250e+02
3.112086181640625000e+02
3.110756835937500000e+02
3.109436035156250000e+02
3.108124084472656250e+02
3.106820373535156250e+02
3.105526123046875000e+02
3.104240112304687500e+02
3.102962951660156250e+02
3.101694030761718750e+02
3.100433959960937500e+02
3.099181823730468750e+02
3.097938842773437500e+02
3.096703491210937500e+02
3.095476989746093750e+02
3.094259033203125000e+02
3.093049621582031250e+02
3.091847839355468750e+02
3.090655212402343750e+02
3.089470520019531250e+02
3.088294372558593750e+02
3.087126464843750000e+02
3.085966491699218750e+02
3.084815063476562500e+02
3.083670959472656250e+02
3.082536315917968750e+02
3.081409301757812500e+02
3.080290222167968750e+02
3.079179382324218750e+02
3.078076477050781250e+02
3.076981811523437500e+02
3.075894775390625000e+02
3.074816284179687500e+02
3.073745422363281250e+02
3.072681884765625000e+02
3.071625976562500000e+02
3.070578613281250000e+02
3.069539489746093750e+02
3.068507080078125000e+02
3.067483520507812500e+02
3.066466369628906250e+02
3.065457153320312500e+02
3.064456176757812500e+02
3.063462524414062500e+02
3.062475585937500000e+02
3.061497192382812500e+02
3.060526428222656250e+02
3.059561767578125000e+02
3.058605041503906250e+02
3.057655334472656250e+02
3.056712951660156250e+02
3.055777893066406250e+02
3.054850463867187500e+02
3.053929443359375000e+02
3.053015136718750000e+02
3.052108459472656250e+02
3.051208496093750000e+02
3.050315856933593750e+02
3.049429321289062500e+02
3.048549804687500000e+02
3.047677001953125000e+02
3.046810607910156250e+02
3.045951232910156250e+02
3.045098571777343750e+02
3.044251403808593750e+02
3.043411254882812500e+02
3.042577514648437500e+02
3.041749877929687500e+02
3.040928344726562500e+02
3.040113220214843750e+02
3.039304199218750000e+02
3.038501892089843750e+02
3.037704467773437500e+02
3.036913146972656250e+02
3.036127624511718750e+02
3.035349121093750000e+02
3.034574890136718750e+02
3.033806762695312500e+02
3.033044128417968750e+02
3.032287597656250000e+02
3.031536254882812500e+02
3.030789794921875000e+02
3.030049438476562500e+02
3.029313964843750000e+02
3.028583374023437500e+02
3.027858581542968750e+02
3.027138366699218750e+02
3.026423339843750000e+02
3.025712890625000000e+02
3.025008239746093750e+02
3.024307861328125000e+02
3.023612060546875000e+02
3.022921142578125000e+02
3.022235107421875000e+02
3.021553039550781250e+02
3.020875854492187500e+02
3.020203247070312500e+02
3.019534912109375000e+02
3.018870239257812500e+02
3.018210144042968750e+02
3.017555541992187500e+02
3.016903686523437500e+02
3.016256408691406250e+02
3.015612792968750000e+02
3.014973449707031250e+02
3.014338073730468750e+02
3.013706359863281250e+02
3.013078002929687500e+02
3.012453613281250000e+02
3.011833190917968750e+02
3.011216430664062500e+02
3.010602722167968750e+02
3.009992675781250000e+02
3.009385986328125000e+02
3.008782958984375000e+02
3.008183593750000000e+02
3.007586975097656250e+02
3.006993103027343750e+02
3.006403198242187500e+02
3.005816040039062500e+02
3.005231933593750000e+02
3.004650878906250000e+02
3.004072875976562500e+02
3.003497924804687500e+02
3.002926330566406250e+02
3.002356262207031250e+02
3.001790161132812500e+02
3.001226196289062500e+02
3.000664672851562500e+02
3.000105895996093750e+02
2.999550476074218750e+02
2.998997802734375000e+02
2.998447265625000000e+02
2.997898254394531250e+02
2.997353210449218750e+02
2.996809387207031250e+02
2.996268615722656250e+02
2.995730285644531250e+02
2.995193786621093750e+02
2.994659729003906250e+02
2.994127807617187500e+02
2.993598327636718750e+02
2.993070678710937500e+02
2.992545166015625000e+02
2.992022094726562500e+02
2.991501159667968750e+02
2.990982360839843750e+02
2.990464782714843750e+02
2.989949951171875000e+02
2.989436645507812500e+02
2.988925781250000000e+02
2.988416137695312500e+02
2.987908630371093750e+02
2.987402954101562500e+02
2.986899414062500000e+02
2.986397094726562500e+02
2.985896911621093750e+02
2.985398559570312500e+02
2.984901428222656250e+02
2.984406738281250000e+02
2.983913269042968750e+02
2.983421020507812500e+02
2.982930908203125000e+02
2.982442932128906250e+02
2.981955871582031250e+02
2.981469421386718750e+02
2.980986022949218750e+02
2.980503540039062500e+02
2.980022583007812500e+02
2.979543151855468750e+02
2.979065551757812500e+02
2.978588562011718750e+02
2.978114013671875000e+02
2.977639465332031250e+02
2.977167053222656250e+02
2.976696472167968750e+02
2.976227111816406250e+02
2.975758666992187500e+02
2.975291748046875000e+02
2.974826049804687500e+02
2.974361572265625000e+02
2.973898925781250000e+02
2.973436279296875000e+02
2.972976074218750000e+02
2.972517089843750000e+02
2.972058715820312500e+02
2.971601867675781250e+02
2.971145324707031250e+02
2.970690307617187500e+02
2.970238037109375000e+02
2.969785461425781250e+02
2.969333801269531250e+02
2.968883666992187500e+02
2.968434753417968750e+02
2.967986450195312500e+02
2.967539978027343750e+02
2.967094421386718750e+02
2.966649780273437500e+02
2.966205749511718750e+02
2.965763244628906250e+02
2.965321655273437500e+02
2.964880676269531250e+02
2.964440917968750000e+02
2.964002075195312500e+02
2.963564758300781250e+02
2.963128051757812500e+02
2.962692871093750000e+02
2.962257690429687500e+02
2.961823120117187500e+02
2.961390380859375000e+02
2.960958557128906250e+02
2.960526733398437500e+02
2.960097045898437500e+02
2.959667358398437500e+02
2.959238281250000000e+02
2.958810729980468750e+02
2.958384094238281250e+02
2.957958068847656250e+02
2.957532958984375000e+02
2.957108459472656250e+02
2.956684265136718750e+02
2.956261596679687500e+02
2.955839843750000000e+02
2.955419006347656250e+02
2.954998168945312500e+02
2.954579162597656250e+02
2.954159545898437500e+02
2.953741149902343750e+02
2.953324279785156250e+02
2.952908020019531250e+02
2.952491455078125000e+02
2.952076110839843750e+02
2.951661682128906250e+02
2.951248168945312500e+02
2.950834655761718750e+02
2.950422668457031250e+02
2.950010681152343750e+02
2.949599914550781250e+02
2.949189453125000000e+02
2.948779907226562500e+02
2.948370971679687500e+02
2.947962341308593750e+02
2.947554626464843750e+02
2.947147521972656250e+02
2.946741638183593750e+02
2.946335754394531250e+02
2.945930786132812500e+02
2.945525817871093750e+02
2.945121765136718750e+02
2.944718322753906250e+02
2.944315795898437500e+02
2.943913574218750000e+02
2.943511962890625000e+02
2.943110656738281250e+02
2.942710571289062500e+02
2.942311096191406250e+02
2.941911926269531250e+02
2.941512756347656250e+02
2.941114807128906250e+02
2.940716857910156250e+02
2.940320129394531250e+02
2.939923400878906250e+02
2.939527893066406250e+02
2.939132385253906250e+02
2.938737792968750000e+02
2.938342895507812500e+02
2.937949218750000000e+02
2.937556152343750000e+02
2.937163391113281250e+02
2.936770629882812500e+02
2.936378784179687500e+02
2.935987548828125000e+02
2.935596618652343750e+02
2.935206604003906250e+02
2.934816589355468750e+02
2.934427185058593750e+02
2.934038696289062500e+02
2.933649902343750000e+02
2.933262023925781250e+02
2.932874755859375000e+02
2.932487487792968750e+02
2.932100830078125000e+02
2.931714477539062500e+02
2.931329040527343750e+02
2.930944213867187500e+02
2.930558471679687500e+02
2.930174255371093750e+02
2.929790954589843750e+02
2.929407348632812500e+02
2.929024047851562500e+02
2.928641662597656250e+02
2.928258972167968750e+02
2.927877807617187500e+02
2.927495727539062500e+02
2.927114868164062500e+02
2.926734619140625000e+02
2.926354064941406250e+02
2.925974121093750000e+02
2.925595092773437500e+02
2.925215759277343750e+02
2.924837646484375000e+02
2.924459228515625000e+02
2.924081115722656250e+02
2.923703918457031250e+02
2.923326721191406250e+02
2.922950134277343750e+02
2.922573852539062500e+02
2.922197875976562500e+02
2.921822204589843750e+02
2.921447448730468750e+02
2.921072692871093750e+02
2.920698242187500000e+02
2.920324096679687500e+02
2.919949951171875000e+02
2.919576110839843750e+02
2.919203186035156250e+02
2.918830871582031250e+02
2.918457946777343750e+02
2.918085937500000000e+02
2.917714843750000000e+02
2.917343750000000000e+02
2.916972351074218750e+02
2.916601562500000000e+02
2.916231384277343750e+02
2.915861206054687500e+02
2.915491638183593750e+02
2.915122070312500000e+02
2.914752807617187500e+02
2.914384155273437500e+02
2.914015808105468750e+02
2.913648071289062500e+02
2.913280029296875000e+02
2.912912597656250000e+02
2.912545166015625000e+02
2.912178649902343750e+02
2.911811828613281250e+02
2.911445617675781250e+02
2.911079406738281250e+02
2.910714111328125000e+02
2.910348510742187500e+02
2.909983520507812500e+02
2.909618530273437500e+02
2.909254455566406250e+02
2.908890686035156250e+02
2.908526611328125000e+02
2.908163146972656250e+02
2.907799987792968750e+02
2.907435913085937500e+02
2.907073669433593750e+02
2.906711425781250000e+02
2.906348876953125000e+02
2.905986633300781250e+02
2.905625305175781250e+02
2.905263977050781250e+02
2.904902648925781250e+02
2.904541931152343750e+02
2.904181518554687500e+02
2.903821716308593750e+02
2.903461608886718750e+02
2.903101501464843750e+02
2.902742309570312500e+02
2.902382507324218750e+02
2.902023925781250000e+02
2.901665954589843750e+02
2.901306457519531250e+02
2.900948791503906250e+02
2.900590820312500000e+02
2.900233154296875000e+02
2.899875793457031250e+02
2.899518432617187500e+02
2.899161987304687500e+02
2.898804931640625000e+02
2.898448791503906250e+02
2.898092041015625000e+02
2.897735900878906250e+02
2.897380981445312500e+02
2.897025451660156250e+02
2.896670532226562500e+02
2.896315612792968750e+02
2.895960693359375000e+02
2.895605773925781250e+02
2.895251464843750000e+02
2.894897460937500000e+02
2.894543762207031250e+02
2.894190673828125000e+02
2.893837585449218750e+02
2.893484497070312500e+02
2.893130798339843750e+02
2.892779235839843750e+02
2.892426757812500000e+02
2.892073974609375000e+02
2.891722412109375000e+02
2.891370544433593750e+02
2.891018981933593750e+02
2.890667724609375000e+02
2.890316772460937500e+02
2.889966430664062500e+02
2.889616088867187500e+02
2.889264526367187500e+02
2.888915710449218750e+02
2.888565368652343750e+02
2.888215637207031250e+02
2.887866210937500000e+02
2.887517395019531250e+02
2.887168273925781250e+02
2.886819152832031250e+02
2.886470642089843750e+02
2.886122131347656250e+02
2.885774536132812500e+02
2.885426025390625000e+02
2.885078735351562500e+02
2.884731140136718750e+02
2.884383239746093750e+02
2.884036865234375000e+02
2.883689575195312500e+02
2.883342590332031250e+02
2.882996520996093750e+02
2.882650756835937500e+02
2.882304382324218750e+02
2.881958312988281250e+02
2.881612854003906250e+02
2.881267089843750000e+02
2.880921936035156250e+02
2.880577392578125000e+02
2.880232238769531250e+02
2.879887390136718750e+02
2.879543457031250000e+02
2.879198913574218750e+02
2.878854675292968750e+02
2.878510742187500000e+02
2.878167419433593750e+02
2.877823791503906250e+02
2.877480773925781250e+02
2.877138061523437500e+02
2.876795654296875000e+02
2.876452026367187500e+02
2.876109924316406250e+02
2.875767517089843750e+02
2.875425415039062500e+02
2.875083618164062500e+02
2.874741821289062500e+02
2.874400634765625000e+02
2.874059448242187500e+02
2.873718261718750000e+02
2.873377685546875000e+02
2.873036804199218750e+02
2.872696533203125000e+02
2.872355651855468750e+02
2.872015991210937500e+02
2.871676330566406250e+02
2.871335754394531250e+02
2.870996398925781250e+02
2.870657348632812500e+02
2.870317993164062500e+02
2.869978637695312500e+02
2.869639892578125000e+02
2.869301757812500000e+02
2.868963317871093750e+02
2.868624877929687500e+02
2.868286743164062500e+02
2.867949523925781250e+02
2.867610778808593750e+02
2.867273864746093750e+02
2.866936950683593750e+02
2.866599426269531250e+02
2.866262207031250000e+02
2.865925598144531250e+02
2.865589294433593750e+02
2.865252075195312500e+02
2.864916076660156250e+02
2.864580383300781250e+02
2.864244384765625000e+02
2.863908996582031250e+02
2.863573608398437500e+02
2.863237609863281250e+02
2.862902832031250000e+02
2.862567749023437500e+02
2.862233276367187500e+02
2.861898193359375000e+02
2.861563720703125000e+02
2.861228942871093750e+02
2.860895690917968750e+02
2.860561523437500000e+02
2.860227966308593750e+02
2.859894409179687500e+02
2.859560852050781250e+02
2.859227600097656250e+02
2.858894958496093750e+02
2.858562011718750000e+02
2.858229370117187500e+02
2.857896728515625000e+02
2.857564392089843750e+02
2.857232666015625000e+02
2.856900634765625000e+02
2.856569213867187500e+02
2.856237487792968750e+02
2.855906066894531250e+02
2.855574951171875000e+02
2.855243225097656250e+02
2.854912414550781250e+02
2.854582214355468750e+02
2.854251708984375000e+02
2.853920898437500000e+02
2.853590393066406250e+02
2.853261108398437500e+02
2.852930908203125000e+02
2.852601013183593750e+02
2.852271728515625000e+02
2.851942138671875000e+02
2.851613159179687500e+02
2.851283874511718750e+02
2.850954895019531250e+02
2.850626525878906250e+02
2.850297851562500000e+02
2.849969177246093750e+02
2.849641418457031250e+02
2.849313049316406250e+02
2.848985900878906250e+02
2.848657836914062500e+02
2.848330383300781250e+02
2.848003234863281250e+02
2.847676086425781250e+02
2.847349243164062500e+02
2.847022094726562500e+02
2.846695556640625000e+02
2.846369323730468750e+02
2.846042480468750000e+02
2.845716857910156250e+02
2.845390625000000000e+02
2.845064392089843750e+02
2.844739685058593750e+02
2.844414062500000000e+02
2.844088439941406250e+02
2.843763427734375000e+02
2.843439025878906250e+02
2.843113708496093750e+02
2.842789306640625000e+02
2.842464294433593750e+02
2.842139892578125000e+02
2.841816711425781250e+02
2.841491699218750000e+02
2.841168518066406250e+02
2.840844421386718750e+02
2.840521240234375000e+02
2.840198059082031250e+02
2.839874877929687500e+02
2.839552001953125000e+02
2.839228820800781250e+02
2.838906250000000000e+02
2.838584289550781250e+02
2.838262023925781250e+02
2.837939147949218750e+02
2.837617492675781250e+02
2.837295837402343750e+02
2.836974182128906250e+02
2.836652832031250000e+02
2.836330566406250000e+02
2.836010131835937500e+02
2.835689392089843750e+02
2.835367431640625000e+02
2.835047302246093750e+02
2.834727172851562500e+02
2.834406433105468750e+02
2.834086303710937500e+02
2.833766784667968750e+02
2.833446655273437500e+02
2.833126525878906250e+02
2.832807006835937500e+02
2.832487487792968750e+02
2.832168579101562500e+02
2.831849365234375000e+02
2.831530456542968750e+02
2.831212158203125000e+02
2.830893249511718750e+02
2.830575561523437500e+02
2.830256652832031250e+02
2.829938659667968750e+02
2.829620666503906250e+02
2.829302978515625000e+02
2.828985290527343750e+02
2.828668518066406250e+02
2.828350830078125000e+02
2.828033447265625000e+02
2.827716369628906250e+02
2.827400207519531250e+02
2.827083129882812500e+02
2.826766662597656250e+02
2.826450500488281250e+02
2.826134948730468750e+02
2.825818786621093750e+02
2.825502929687500000e+02
2.825187377929687500e+02
2.824871520996093750e+02
2.824556274414062500e+02
2.824240722656250000e+02
2.823926086425781250e+02
2.823611450195312500e+02
2.823296203613281250e+02
2.822981872558593750e+02
2.822666931152343750e+02
2.822352905273437500e+02
2.822039489746093750e+02
2.821724853515625000e+02
2.821411132812500000e+02
