1.998555273437500000e+04
1.839394921875000000e+04
1.682704687500000000e+04
1.530419824218750000e+04
1.382538476562500000e+04
1.293557031250000000e+04
1.258778125000000000e+04
1.237221386718750000e+04
1.217680566406250000e+04
1.198516210937500000e+04
1.179707812500000000e+04
1.161240039062500000e+04
1.143102343750000000e+04
1.125284765625000000e+04
1.107780859375000000e+04
1.090583789062500000e+04
1.073688378906250000e+04
1.057089550781250000e+04
1.040782812500000000e+04
1.024763671875000000e+04
1.009028515625000000e+04
9.935728515625000000e+03
9.783929687500000000e+03
9.634844726562500000e+03
9.488443359375000000e+03
9.344679687500000000e+03
9.203518554687500000e+03
9.064918945312500000e+03
8.928841796875000000e+03
8.795245117187500000e+03
8.664092773437500000e+03
8.535345703125000000e+03
8.408957031250000000e+03
8.284893554687500000e+03
8.163113281250000000e+03
8.043570800781250000e+03
7.926231445312500000e+03
7.811055664062500000e+03
7.697997558593750000e+03
7.587021972656250000e+03
7.478086914062500000e+03
7.371155273437500000e+03
7.266184570312500000e+03
7.163138183593750000e+03
7.061979003906250000e+03
6.962665527343750000e+03
6.865165039062500000e+03
6.769434570312500000e+03
6.675442382812500000e+03
6.583149902343750000e+03
6.492521972656250000e+03
6.403526855468750000e+03
6.316125976562500000e+03
6.230287109375000000e+03
6.145977539062500000e+03
6.063164550781250000e+03
5.981814941406250000e+03
5.901899414062500000e+03
5.823385742187500000e+03
5.746241699218750000e+03
5.670443847656250000e+03
5.595957031250000000e+03
5.522756347656250000e+03
5.450812988281250000e+03
5.380098632812500000e+03
5.310587402343750000e+03
5.242253417968750000e+03
5.175072265625000000e+03
5.109017578125000000e+03
5.044064453125000000e+03
4.980190429687500000e+03
4.917371093750000000e+03
4.855583984375000000e+03
4.794805664062500000e+03
4.735014648437500000e+03
4.676189941406250000e+03
4.618310546875000000e+03
4.561355468750000000e+03
4.505303222656250000e+03
4.450135253906250000e+03
4.395830078125000000e+03
4.342370605468750000e+03
4.289736328125000000e+03
4.237909179687500000e+03
4.186867675781250000e+03
4.136596191406250000e+03
4.087072998046875000e+03
4.038281250000000000e+03
3.990199218750000000e+03
3.942808593750000000e+03
3.896941406250000000e+03
3.852346923828125000e+03
3.808421386718750000e+03
3.765151611328125000e+03
3.722522705078125000e+03
3.680521728515625000e+03
3.639136718750000000e+03
3.598353271484375000e+03
3.558159667968750000e+03
3.518545898437500000e+03
3.479497802734375000e+03
3.441006591796875000e+03
3.403059814453125000e+03
3.365647460937500000e+03
3.328759033203125000e+03
3.292384765625000000e+03
3.256514892578125000e+03
3.221139892578125000e+03
3.186250488281250000e+03
3.151837890625000000e+03
3.117892822265625000e+03
3.084406738281250000e+03
3.051371826171875000e+03
3.018779541015625000e+03
2.986621337890625000e+03
2.954890625000000000e+03
2.923578857421875000e+03
2.892678955078125000e+03
2.862183837890625000e+03
2.832085449218750000e+03
2.802378173828125000e+03
2.773054199218750000e+03
2.744107177734375000e+03
2.715531005859375000e+03
2.687319580078125000e+03
2.659465332031250000e+03
2.631963134765625000e+03
2.604806884765625000e+03
2.577990966796875000e+03
2.551510009765625000e+03
2.525357666015625000e+03
2.499529052734375000e+03
2.474018310546875000e+03
2.448821044921875000e+03
2.423931640625000000e+03
2.399345214843750000e+03
2.375056396484375000e+03
2.351061035156250000e+03
2.327354492187500000e+03
2.303932128906250000e+03
2.280788818359375000e+03
2.257920898437500000e+03
2.235323730468750000e+03
2.212993164062500000e+03
2.190925048828125000e+03
2.169114746093750000e+03
2.147559082031250000e+03
2.126253662109375000e+03
2.105194580078125000e+03
2.084378906250000000e+03
2.063801513671875000e+03
2.043459594726562500e+03
2.023349243164062500e+03
2.003467529296875000e+03
1.983810302734375000e+03
1.964374755859375000e+03
1.945157348632812500e+03
1.926154418945312500e+03
1.907363891601562500e+03
1.888781372070312500e+03
1.870404418945312500e+03
1.852230102539062500e+03
1.834255737304687500e+03
1.816477050781250000e+03
1.798892578125000000e+03
1.781499145507812500e+03
1.764293579101562500e+03
1.747273803710937500e+03
1.730436645507812500e+03
1.713779296875000000e+03
1.697299926757812500e+03
1.680995483398437500e+03
1.664863525390625000e+03
1.648901977539062500e+03
1.633107788085937500e+03
1.617478881835937500e+03
1.602013305664062500e+03
1.586708251953125000e+03
1.571562011718750000e+03
1.556571533203125000e+03
1.541735351562500000e+03
1.527051147460937500e+03
1.512516845703125000e+03
1.498130493164062500e+03
1.483890014648437500e+03
1.469792968750000000e+03
1.455838012695312500e+03
1.442022583007812500e+03
1.428345703125000000e+03
1.414804931640625000e+03
1.401398315429687500e+03
1.388124267578125000e+03
1.374980957031250000e+03
1.361966918945312500e+03
1.349079589843750000e+03
1.336318481445312500e+03
1.323681030273437500e+03
1.311165893554687500e+03
1.298771484375000000e+03
1.286496337890625000e+03
1.274338500976562500e+03
1.262297119140625000e+03
1.250369995117187500e+03
1.238556030273437500e+03
1.226853881835937500e+03
1.215261596679687500e+03
1.203778320312500000e+03
1.192402343750000000e+03
1.181132446289062500e+03
1.169967651367187500e+03
1.158905883789062500e+03
1.147946289062500000e+03
1.137087646484375000e+03
1.126328735351562500e+03
1.115668090820312500e+03
1.105104370117187500e+03
1.094636962890625000e+03
1.084264282226562500e+03
1.073985229492187500e+03
1.063798583984375000e+03
1.053703491210937500e+03
1.043698730468750000e+03
1.033783447265625000e+03
1.023956115722656250e+03
1.014215942382812500e+03
1.004561950683593750e+03
9.949932250976562500e+02
9.855086669921875000e+02
9.761072998046875000e+02
9.667880859375000000e+02
9.575499877929687500e+02
9.483924560546875000e+02
9.393145141601562500e+02
9.303151855468750000e+02
9.213934936523437500e+02
9.125487060546875000e+02
9.037799682617187500e+02
8.950863647460937500e+02
8.864673461914062500e+02
8.779216308593750000e+02
8.694490966796875000e+02
8.610484619140625000e+02
8.527192993164062500e+02
8.444609375000000000e+02
8.362723999023437500e+02
8.281531982421875000e+02
8.201027832031250000e+02
8.121199951171875000e+02
8.042047729492187500e+02
7.963562011718750000e+02
7.885739135742187500e+02
7.808568115234375000e+02
7.732047119140625000e+02
7.656169433593750000e+02
7.580929565429687500e+02
7.506321411132812500e+02
7.432342529296875000e+02
7.358983154296875000e+02
7.286240844726562500e+02
7.214110107421875000e+02
7.142587280273437500e+02
7.071665039062500000e+02
7.001340942382812500e+02
6.931610717773437500e+02
6.862469482421875000e+02
6.793912353515625000e+02
6.725936889648437500e+02
6.658537597656250000e+02
6.591713256835937500e+02
6.525456542968750000e+02
6.459765625000000000e+02
6.394633178710937500e+02
6.330057373046875000e+02
6.266033935546875000e+02
6.202559204101562500e+02
6.139631347656250000e+02
6.077246704101562500e+02
6.015401000976562500e+02
5.954092407226562500e+02
5.893318481445312500e+02
5.833074340820312500e+02
5.773361206054687500e+02
5.714176025390625000e+02
5.655515747070312500e+02
5.597378540039062500e+02
5.539763793945312500e+02
5.482669677734375000e+02
5.426094360351562500e+02
5.370037841796875000e+02
5.314498901367187500e+02
5.259476928710937500e+02
5.204970703125000000e+02
5.150981445312500000e+02
5.097508544921875000e+02
5.044552307128906250e+02
4.992111816406250000e+02
4.940190429687500000e+02
4.888786621093750000e+02
4.837902832031250000e+02
4.787540588378906250e+02
4.737699890136718750e+02
4.688384704589843750e+02
4.639594421386718750e+02
4.591333923339843750e+02
4.543605651855468750e+02
4.496410217285156250e+02
4.449753417968750000e+02
4.403636169433593750e+02
4.358064270019531250e+02
4.313039855957031250e+02
4.268569030761718750e+02
4.224653930664062500e+02
4.181301574707031250e+02
4.138515625000000000e+02
4.096302490234375000e+02
4.054667053222656250e+02
4.013615112304687500e+02
3.973153381347656250e+02
3.933289184570312500e+02
3.894028320312500000e+02
3.855378723144531250e+02
3.817347717285156250e+02
3.779944152832031250e+02
3.743174743652343750e+02
3.707048950195312500e+02
3.671575622558593750e+02
3.636764526367187500e+02
3.602623596191406250e+02
3.569164123535156250e+02
3.536395568847656250e+02
3.504328918457031250e+02
3.472973937988281250e+02
3.442341918945312500e+02
3.412445373535156250e+02
3.383294067382812500e+02
3.354900512695312500e+02
3.327276000976562500e+02
3.300432434082031250e+02
3.274381408691406250e+02
3.249135742187500000e+02
3.233269958496093750e+02
3.231307373046875000e+02
3.229356689453125000e+02
3.227421264648437500e+02
3.225498352050781250e+02
3.223588562011718750e+02
3.221692199707031250e+02
3.219810180664062500e+02
3.217940063476562500e+02
3.216083374023437500e+02
3.214239196777343750e+02
3.212407226562500000e+02
3.210588378906250000e+02
3.208780517578125000e+02
3.206986389160156250e+02
3.205202636718750000e+02
3.203430786132812500e+02
3.201671447753906250e+02
3.199922485351562500e+02
3.198186340332031250e+02
3.196461181640625000e+02
3.194746704101562500e+02
3.193042297363281250e+02
3.191349792480468750e+02
3.189667663574218750e+02
3.187995605468750000e+02
3.186334838867187500e+02
3.184684143066406250e+02
3.183044433593750000e+02
3.181413879394531250e+02
3.179792785644531250e+02
3.178183288574218750e+02
3.176582641601562500e+02
3.174990844726562500e+02
3.173410339355468750e+02
3.171839599609375000e+02
3.170277404785156250e+02
3.168724975585937500e+02
3.167182006835937500e+02
3.165647888183593750e+02
3.164123840332031250e+02
3.162608337402343750e+02
3.161102600097656250e+02
3.159606018066406250e+02
3.158117675781250000e+02
3.156638793945312500e+02
3.155169677734375000e+02
3.153708190917968750e+02
3.152255554199218750e+02
3.150812377929687500e+02
3.149378051757812500e+02
3.147952880859375000e+02
3.146535034179687500e+02
3.145126953125000000e+02
3.143727722167968750e+02
3.142336425781250000e+02
3.140953674316406250e+02
3.139579772949218750e+02
3.138214721679687500e+02
3.136858215332031250e+02
3.135509643554687500e+02
3.134170227050781250e+02
3.132838745117187500e+02
3.131515808105468750e+02
3.130201416015625000e+02
3.128895263671875000e+02
3.127597656250000000e+02
3.126307373046875000e+02
3.125027160644531250e+02
3.123754577636718750e+02
3.122489624023437500e+02
3.121233825683593750e+02
3.119986267089843750e+02
3.118745727539062500e+02
3.117514648437500000e+02
3.116291809082031250e+02
3.115077209472656250e+02
3.113869628906250000e+02
3.112671508789062500e+02
3.111481018066406250e+02
3.110298461914062500e+02
3.109124145507812500e+02
3.107958068847656250e+02
3.106799621582031250e+02
3.105649414062500000e+02
3.104507751464843750e+02
3.103374023437500000e+02
3.102247314453125000e+02
3.101129455566406250e+02
3.100018615722656250e+02
3.098916625976562500e+02
3.097822265625000000e+02
3.096735229492187500e+02
3.095656433105468750e+02
3.094585876464843750e+02
3.093521728515625000e+02
3.092467041015625000e+02
3.091418457031250000e+02
3.090378723144531250e+02
3.089346008300781250e+02
3.088321228027343750e+02
3.087303466796875000e+02
3.086293945312500000e+02
3.085291442871093750e+02
3.084296569824218750e+02
3.083309020996093750e+02
3.082329406738281250e+02
3.081356506347656250e+02
3.080391540527343750e+02
3.079433288574218750e+02
3.078481140136718750e+02
3.077538146972656250e+02
3.076600952148437500e+02
3.075671081542968750e+02
3.074749145507812500e+02
3.073833312988281250e+02
3.072924194335937500e+02
3.072022705078125000e+02
3.071127929687500000e+02
3.070239562988281250e+02
3.069357910156250000e+02
3.068482971191406250e+02
3.067614746093750000e+02
3.066753540039062500e+02
3.065898132324218750e+02
3.065049133300781250e+02
3.064206848144531250e+02
3.063370971679687500e+02
3.062541198730468750e+02
3.061717529296875000e+02
3.060899658203125000e+02
3.060088806152343750e+02
3.059284362792968750e+02
3.058484497070312500e+02
3.057691345214843750e+02
3.056903686523437500e+02
3.056121520996093750e+02
3.055346069335937500e+02
3.054576110839843750e+02
3.053810424804687500e+02
3.053051452636718750e+02
3.052297058105468750e+02
3.051549072265625000e+02
3.050805664062500000e+02
3.050068969726562500e+02
3.049335327148437500e+02
3.048608093261718750e+02
3.047886352539062500e+02
3.047169494628906250e+02
3.046456298828125000e+02
3.045749206542968750e+02
3.045046997070312500e+02
3.044348754882812500e+02
3.043654785156250000e+02
3.042966308593750000e+02
3.042282714843750000e+02
3.041603088378906250e+02
3.040928649902343750e+02
3.040258483886718750e+02
3.039591674804687500e+02
3.038929748535156250e+02
3.038271484375000000e+02
3.037617797851562500e+02
3.036968383789062500e+02
3.036322631835937500e+02
3.035681457519531250e+02
3.035043945312500000e+02
3.034409790039062500e+02
3.033778991699218750e+02
3.033153076171875000e+02
3.032530212402343750e+02
3.031911315917968750e+02
3.031295471191406250e+02
3.030683288574218750e+02
3.030075073242187500e+02
3.029469604492187500e+02
3.028867187500000000e+02
3.028269042968750000e+02
3.027673034667968750e+02
3.027081604003906250e+02
3.026491699218750000e+02
3.025906066894531250e+02
3.025322875976562500e+02
3.024742736816406250e+02
3.024165649414062500e+02
3.023591918945312500e+02
3.023020019531250000e+02
3.022452392578125000e+02
3.021885986328125000e+02
3.021322631835937500e+02
3.020761718750000000e+02
3.020203857421875000e+02
3.019648742675781250e+02
3.019095458984375000e+02
3.018545227050781250e+02
3.017998046875000000e+02
3.017452087402343750e+02
3.016909179687500000e+02
3.016368408203125000e+02
3.015829772949218750e+02
3.015294494628906250e+02
3.014759826660156250e+02
3.014227905273437500e+02
3.013698425292968750e+02
3.013170776367187500e+02
3.012645568847656250e+02
3.012122497558593750e+02
3.011601257324218750e+02
3.011081848144531250e+02
3.010564270019531250e+02
3.010049133300781250e+02
3.009535827636718750e+02
3.009023742675781250e+02
3.008514099121093750e+02
3.008006286621093750e+02
3.007500915527343750e+02
3.006995849609375000e+02
3.006492919921875000e+02
3.005992431640625000e+02
3.005493469238281250e+02
3.004996337890625000e+02
3.004499816894531250e+02
3.004005737304687500e+02
3.003512878417968750e+02
3.003021240234375000e+02
3.002532653808593750e+02
3.002044677734375000e+02
3.001557922363281250e+02
3.001073303222656250e+02
3.000589904785156250e+02
3.000107421875000000e+02
2.999626159667968750e+02
2.999147949218750000e+02
2.998670654296875000e+02
2.998193359375000000e+02
2.997718811035156250e+02
2.997245178222656250e+02
2.996772155761718750e+02
2.996301879882812500e+02
2.995831909179687500e+02
2.995363769531250000e+02
2.994896545410156250e+02
2.994430847167968750e+02
2.993965454101562500e+02
2.993502502441406250e+02
2.993039855957031250e+02
2.992578430175781250e+02
2.992118530273437500e+02
2.991660461425781250e+02
2.991202087402343750e+02
2.990746154785156250e+02
2.990290222167968750e+02
2.989835815429687500e+02
2.989382934570312500e+02
2.988930969238281250e+02
2.988479919433593750e+02
2.988029479980468750e+02
2.987580871582031250e+02
2.987132568359375000e+02
2.986686096191406250e+02
2.986240234375000000e+02
2.985795288085937500e+02
2.985350952148437500e+02
2.984908142089843750e+02
2.984466247558593750e+02
2.984025268554687500e+02
2.983584594726562500e+02
2.983146057128906250e+02
2.982708129882812500e+02
2.982270202636718750e+02
2.981833801269531250e+02
2.981398315429687500e+02
2.980964050292968750e+02
2.980530395507812500e+02
2.980097351074218750e+02
2.979666137695312500e+02
2.979234313964843750e+02
2.978803710937500000e+02
2.978374633789062500e+02
2.977946166992187500e+02
2.977517700195312500e+02
2.977090759277343750e+02
2.976664428710937500e+02
2.976238708496093750e+02
2.975814208984375000e+02
2.975390014648437500e+02
2.974967651367187500e+02
2.974544982910156250e+02
2.974123840332031250e+02
2.973702392578125000e+02
2.973282470703125000e+02
2.972863159179687500e+02
2.972443847656250000e+02
2.972025756835937500e+02
2.971608581542968750e+02
2.971192321777343750e+02
2.970776367187500000e+02
2.970361328125000000e+02
2.969945983886718750e+02
2.969532775878906250e+02
2.969119262695312500e+02
2.968706970214843750e+02
2.968294982910156250e+02
2.967883605957031250e+02
2.967473144531250000e+02
2.967063598632812500e+02
2.966653747558593750e+02
2.966244812011718750e+02
2.965837097167968750e+02
2.965429687500000000e+02
2.965022583007812500e+02
2.964616394042968750e+02
2.964210510253906250e+02
2.963805847167968750e+02
2.963401489257812500e+02
2.962997436523437500e+02
2.962593688964843750e+02
2.962191162109375000e+02
2.961788635253906250e+02
2.961387329101562500e+02
2.960986022949218750e+02
2.960585632324218750e+02
2.960185241699218750e+02
2.959785461425781250e+02
2.959387207031250000e+02
2.958988342285156250e+02
2.958590698242187500e+02
2.958193054199218750e+02
2.957796325683593750e+02
2.957399291992187500e+02
2.957003784179687500e+02
2.956608886718750000e+02
2.956213989257812500e+02
2.955819091796875000e+02
2.955425415039062500e+02
2.955032348632812500e+02
2.954639587402343750e+02
2.954246520996093750e+02
2.953854370117187500e+02
2.953463134765625000e+02
2.953072204589843750e+02
2.952681884765625000e+02
2.952291259765625000e+02
2.951901855468750000e+02
2.951512451171875000e+02
2.951123352050781250e+02
2.950735168457031250e+02
2.950346984863281250e+02
2.949959716796875000e+02
2.949572448730468750e+02
2.949186401367187500e+02
2.948799743652343750e+02
2.948413696289062500e+02
2.948029174804687500e+02
2.947643737792968750e+02
2.947259216308593750e+02
2.946875000000000000e+02
2.946491088867187500e+02
2.946107788085937500e+02
2.945724792480468750e+02
2.945341796875000000e+02
2.944960632324218750e+02
2.944578247070312500e+02
2.944197082519531250e+02
2.943815612792968750e+02
2.943435058593750000e+02
2.943054809570312500e+02
2.942675170898437500e+02
2.942295532226562500e+02
2.941916198730468750e+02
2.941537170410156250e+02
2.941159362792968750e+02
2.940780639648437500e+02
2.940403442382812500e+02
2.940026245117187500e+02
2.939648742675781250e+02
2.939271850585937500e+02
2.938895568847656250e+02
2.938520507812500000e+02
2.938144531250000000e+02
2.937769165039062500e+02
2.937394104003906250e+02
2.937019042968750000e+02
2.936645202636718750e+02
2.936271362304687500e+02
2.935897521972656250e+02
2.935524597167968750e+02
2.935151672363281250e+02
2.934778747558593750e+02
2.934406127929687500e+02
2.934034118652343750e+02
2.933662414550781250e+02
2.933291320800781250e+02
2.932919921875000000e+02
2.932548828125000000e+02
2.932178649902343750e+02
2.931809082031250000e+02
2.931438598632812500e+02
2.931069030761718750e+02
2.930700073242187500e+02
2.930330810546875000e+02
2.929962158203125000e+02
2.929594116210937500e+02
2.929225769042968750e+02
2.928857421875000000e+02
2.928490905761718750e+02
2.928122863769531250e+02
2.927756347656250000e+02
2.927389831542968750e+02
2.927023315429687500e+02
2.926657104492187500e+02
2.926290893554687500e+02
2.925925292968750000e+02
2.925560607910156250e+02
2.925195312500000000e+02
2.924830627441406250e+02
2.924466247558593750e+02
2.924101867675781250e+02
2.923738403320312500e+02
2.923374328613281250e+02
2.923011169433593750e+02
2.922648010253906250e+02
2.922285156250000000e+02
2.921922302246093750e+02
2.921560363769531250e+02
2.921198120117187500e+02
2.920836181640625000e+02
2.920474243164062500e+02
2.920112915039062500e+02
2.919752197265625000e+02
2.919391479492187500e+02
2.919030456542968750e+02
2.918670654296875000e+02
2.918310241699218750e+02
2.917950439453125000e+02
2.917591247558593750e+02
2.917231445312500000e+02
2.916871643066406250e+02
2.916513671875000000e+02
2.916154785156250000e+02
2.915797119140625000e+02
2.915437927246093750e+02
2.915080566406250000e+02
2.914722900390625000e+02
2.914365844726562500e+02
2.914008178710937500e+02
2.913651428222656250e+02
2.913294372558593750e+02
2.912937927246093750e+02
2.912581787109375000e+02
2.912225036621093750e+02
2.911870117187500000e+02
2.911514587402343750e+02
2.911159057617187500e+02
2.910803833007812500e+02
2.910448913574218750e+02
2.910094604492187500e+02
2.909739990234375000e+02
2.909385375976562500e+02
2.909031372070312500e+02
2.908677368164062500e+02
2.908323669433593750e+02
2.907970581054687500e+02
2.907616882324218750e+02
2.907264099121093750e+02
2.906911621093750000e+02
2.906559753417968750e+02
2.906206970214843750e+02
2.905854797363281250e+02
2.905502929687500000e+02
2.905151367187500000e+02
2.904800415039062500e+02
2.904448852539062500e+02
2.904097595214843750e+02
2.903746948242187500e+02
2.903396301269531250e+02
2.903045959472656250e+02
2.902695617675781250e+02
2.902345886230468750e+02
2.901996154785156250e+02
2.901646728515625000e+02
2.901297302246093750e+02
2.900948486328125000e+02
2.900599365234375000e+02
2.900250549316406250e+02
2.899902038574218750e+02
2.899553527832031250e+02
2.899206237792968750e+02
2.898857727050781250e+02
2.898509826660156250e+02
2.898162536621093750e+02
2.897814636230468750e+02
2.897467956542968750e+02
2.897120971679687500e+02
2.896774597167968750e+02
2.896427612304687500e+02
2.896081848144531250e+02
2.895735168457031250e+02
2.895389404296875000e+02
2.895043640136718750e+02
2.894697570800781250e+02
2.894353027343750000e+02
2.894007263183593750e+02
2.893662719726562500e+02
2.893317871093750000e+02
2.892973022460937500e+02
2.892628479003906250e+02
2.892284851074218750e+02
2.891940002441406250e+02
2.891596069335937500e+02
2.891253356933593750e+02
2.890909423828125000e+02
2.890566711425781250e+02
2.890223083496093750e+02
2.889880676269531250e+02
2.889537658691406250e+02
2.889195556640625000e+02
2.888853149414062500e+02
2.888510742187500000e+02
2.888169250488281250e+02
2.887827148437500000e+02
2.887485351562500000e+02
2.887143859863281250e+02
2.886802673339843750e+02
2.886462097167968750e+02
2.886121215820312500e+02
2.885780944824218750e+02
2.885440368652343750e+02
2.885100097656250000e+02
2.884759521484375000e+02
2.884419860839843750e+02
2.884080810546875000e+02
2.883740539550781250e+02
2.883401794433593750e+02
2.883062133789062500e+02
2.882722778320312500e+02
2.882384033203125000e+02
2.882045593261718750e+02
2.881707458496093750e+02
2.881368713378906250e+02
2.881030883789062500e+02
2.880692749023437500e+02
2.880355224609375000e+02
2.880016784667968750e+02
2.879680175781250000e+02
2.879343261718750000e+02
2.879006347656250000e+02
2.878669128417968750e+02
2.878332824707031250e+02
2.877996520996093750e+02
2.877660217285156250e+02
2.877323608398437500e+02
2.876987304687500000e+02
2.876652221679687500e+02
2.876315917968750000e+02
2.875981140136718750e+02
2.875645446777343750e+02
2.875311279296875000e+02
2.874975585937500000e+02
2.874641113281250000e+02
2.874306945800781250e+02
2.873972167968750000e+02
2.873638000488281250e+02
2.873303833007812500e+02
2.872969970703125000e+02
2.872636413574218750e+02
2.872302856445312500e+02
2.871969909667968750e+02
2.871636657714843750e+02
2.871303405761718750e+02
2.870970458984375000e+02
2.870638122558593750e+02
2.870305175781250000e+02
2.869973449707031250e+02
2.869641418457031250e+02
2.869309387207031250e+02
2.868977966308593750e+02
2.868646240234375000e+02
2.868314514160156250e+02
2.867983398437500000e+02
2.867652587890625000e+02
2.867321472167968750e+02
2.866990661621093750e+02
2.866660461425781250e+02
2.866329650878906250e+02
2.865999145507812500e+02
2.865669555664062500e+02
2.865339355468750000e+02
2.865009765625000000e+02
2.864680175781250000e+02
2.864351501464843750e+02
2.864021911621093750e+02
2.863692932128906250e+02
2.863364257812500000e+02
2.863034667968750000e+02
2.862706298828125000e+02
2.862378234863281250e+02
2.862050476074218750e+02
2.861722106933593750e+02
2.861394958496093750e+02
2.861066284179687500e+02
2.860739440917968750e+02
2.860411987304687500e+02
2.860085144042968750e+02
2.859757995605468750e+02
2.859431152343750000e+02
2.859104309082031250e+02
2.858777770996093750e+02
2.858451538085937500e+02
2.858125610351562500e+02
2.857799072265625000e+02
2.857473449707031250e+02
2.857147827148437500e+02
2.856822814941406250e+02
2.856497497558593750e+02
2.856171875000000000e+02
2.855847778320312500e+02
2.855522460937500000e+02
2.855197448730468750e+02
2.854873046875000000e+02
2.854548645019531250e+02
2.854224243164062500e+02
2.853900756835937500e+02
2.853576660156250000e+02
2.853253173828125000e+02
2.852929687500000000e+02
2.852605895996093750e+02
2.852283325195312500e+02
2.851960144042968750e+02
2.851637268066406250e+02
2.851315612792968750e+02
2.850992736816406250e+02
2.850670166015625000e+02
2.850347290039062500e+02
2.850025634765625000e+02
2.849704589843750000e+02
2.849382324218750000e+02
2.849061279296875000e+02
2.848739318847656250e+02
2.848418579101562500e+02
2.848097534179687500e+02
2.847776794433593750e+02
2.847456054687500000e+02
2.847135620117187500e+02
2.846815490722656250e+02
2.846495361328125000e+02
2.846175537109375000e+02
2.845854797363281250e+02
2.845535278320312500e+02
2.845216064453125000e+02
2.844896545410156250e+02
2.844577026367187500e+02
2.844258728027343750e+02
2.843939514160156250e+02
2.843621215820312500e+02
2.843302612304687500e+02
2.842983703613281250e+02
2.842665405273437500e+02
2.842348022460937500e+02
2.842030029296875000e+02
