6.182404000000000000e+07
5.380493600000000000e+07
4.642346800000000000e+07
3.967914400000000000e+07
3.400540400000000000e+07
2.894427800000000000e+07
2.466098200000000000e+07
2.314841000000000000e+07
2.295828400000000000e+07
2.277344000000000000e+07
2.259299800000000000e+07
2.241629000000000000e+07
2.224283000000000000e+07
2.207221600000000000e+07
2.190414800000000000e+07
2.173838400000000000e+07
2.157472200000000000e+07
2.141300200000000000e+07
2.125309000000000000e+07
2.109488000000000000e+07
2.093828400000000000e+07
2.078321600000000000e+07
2.062962200000000000e+07
2.047744600000000000e+07
2.032663800000000000e+07
2.017716400000000000e+07
2.002900000000000000e+07
1.988210000000000000e+07
1.973645600000000000e+07
1.959204800000000000e+07
1.944885000000000000e+07
1.930685200000000000e+07
1.916604000000000000e+07
1.902640400000000000e+07
1.888793000000000000e+07
1.875061600000000000e+07
1.861445200000000000e+07
1.847943000000000000e+07
1.834554600000000000e+07
1.821278400000000000e+07
1.808115200000000000e+07
1.795063600000000000e+07
1.782123200000000000e+07
1.769293600000000000e+07
1.756574000000000000e+07
1.743964400000000000e+07
1.731464000000000000e+07
1.719071800000000000e+07
1.706787800000000000e+07
1.694611600000000000e+07
1.682542200000000000e+07
1.670579100000000000e+07
1.658721700000000000e+07
1.646969500000000000e+07
1.635321600000000000e+07
1.623777700000000000e+07
1.612337100000000000e+07
1.600999000000000000e+07
1.589762700000000000e+07
1.578627400000000000e+07
1.567592800000000000e+07
1.556657800000000000e+07
1.545821400000000000e+07
1.535083300000000000e+07
1.524442700000000000e+07
1.513898800000000000e+07
1.503450600000000000e+07
1.493097100000000000e+07
1.482838300000000000e+07
1.472672400000000000e+07
1.462599300000000000e+07
1.452617600000000000e+07
1.442726800000000000e+07
1.432926000000000000e+07
1.423214300000000000e+07
1.413590500000000000e+07
1.404054200000000000e+07
1.394604200000000000e+07
1.385239800000000000e+07
1.375960000000000000e+07
1.366763400000000000e+07
1.357649700000000000e+07
1.348617500000000000e+07
1.339675100000000000e+07
1.330843500000000000e+07
1.322091300000000000e+07
1.313418800000000000e+07
1.304824300000000000e+07
1.296307900000000000e+07
1.287867500000000000e+07
1.279503400000000000e+07
1.271214200000000000e+07
1.262999100000000000e+07
1.254857300000000000e+07
1.246787800000000000e+07
1.238790100000000000e+07
1.230862700000000000e+07
1.223005100000000000e+07
1.215216200000000000e+07
1.207495300000000000e+07
1.199841200000000000e+07
1.192253200000000000e+07
1.184729700000000000e+07
1.177270400000000000e+07
1.169873200000000000e+07
1.162537400000000000e+07
1.155261200000000000e+07
1.148052900000000000e+07
1.141003500000000000e+07
1.134016700000000000e+07
1.127091800000000000e+07
1.120227900000000000e+07
1.113425000000000000e+07
1.106681400000000000e+07
1.099997200000000000e+07
1.093371700000000000e+07
1.086803700000000000e+07
1.080293300000000000e+07
1.073839500000000000e+07
1.067441400000000000e+07
1.061099200000000000e+07
1.054811500000000000e+07
1.048578300000000000e+07
1.042398500000000000e+07
1.036271900000000000e+07
1.030197800000000000e+07
1.024175400000000000e+07
1.018204900000000000e+07
1.012284800000000000e+07
1.006415000000000000e+07
1.000595200000000000e+07
9.948244000000000000e+06
9.891025000000000000e+06
9.834288000000000000e+06
9.778026000000000000e+06
9.722238000000000000e+06
9.666915000000000000e+06
9.612053000000000000e+06
9.557650000000000000e+06
9.503700000000000000e+06
9.450196000000000000e+06
9.397134000000000000e+06
9.344511000000000000e+06
9.292321000000000000e+06
9.240561000000000000e+06
9.189225000000000000e+06
9.138309000000000000e+06
9.087808000000000000e+06
9.037721000000000000e+06
8.988038000000000000e+06
8.938759000000000000e+06
8.889880000000000000e+06
8.841395000000000000e+06
8.793299000000000000e+06
8.745592000000000000e+06
8.698266000000000000e+06
8.651320000000000000e+06
8.604748000000000000e+06
8.558547000000000000e+06
8.512712000000000000e+06
8.467242000000000000e+06
8.422132000000000000e+06
8.377377000000000000e+06
8.332974500000000000e+06
8.288922000000000000e+06
8.245214000000000000e+06
8.201848500000000000e+06
8.158820000000000000e+06
8.116126500000000000e+06
8.073766000000000000e+06
8.031733500000000000e+06
7.990027500000000000e+06
7.948641000000000000e+06
7.907576000000000000e+06
7.866822500000000000e+06
7.826385000000000000e+06
7.786255000000000000e+06
7.746431000000000000e+06
7.706910000000000000e+06
7.667689000000000000e+06
7.628765500000000000e+06
7.590137000000000000e+06
7.551798000000000000e+06
7.513750000000000000e+06
7.475987500000000000e+06
7.438507500000000000e+06
7.401306000000000000e+06
7.364382500000000000e+06
7.327735000000000000e+06
7.291358000000000000e+06
7.255252000000000000e+06
7.219413500000000000e+06
7.183837500000000000e+06
7.148523500000000000e+06
7.113468000000000000e+06
7.078671000000000000e+06
7.044128000000000000e+06
7.009836000000000000e+06
6.975794000000000000e+06
6.941999000000000000e+06
6.908448500000000000e+06
6.875140500000000000e+06
6.842073500000000000e+06
6.809243500000000000e+06
6.776650000000000000e+06
6.744290500000000000e+06
6.712160500000000000e+06
6.680260000000000000e+06
6.648585000000000000e+06
6.617138000000000000e+06
6.585912000000000000e+06
6.554906000000000000e+06
6.524121000000000000e+06
6.493551000000000000e+06
6.463195500000000000e+06
6.433052500000000000e+06
6.403121000000000000e+06
6.373397500000000000e+06
6.343882000000000000e+06
6.314569500000000000e+06
6.285461000000000000e+06
6.256555000000000000e+06
6.227846500000000000e+06
6.199337000000000000e+06
6.171024000000000000e+06
6.142904000000000000e+06
6.114977500000000000e+06
6.087241500000000000e+06
6.059696000000000000e+06
6.032336500000000000e+06
6.005164500000000000e+06
5.978176500000000000e+06
5.951373000000000000e+06
5.924750500000000000e+06
5.898308500000000000e+06
5.872044500000000000e+06
5.845957500000000000e+06
5.820045500000000000e+06
5.794308500000000000e+06
5.768746000000000000e+06
5.743352500000000000e+06
5.718129000000000000e+06
5.693074500000000000e+06
5.668186500000000000e+06
5.643464000000000000e+06
5.618906500000000000e+06
5.594511500000000000e+06
5.570278000000000000e+06
5.546205000000000000e+06
5.522290500000000000e+06
5.498533500000000000e+06
5.474933500000000000e+06
5.451487500000000000e+06
5.428196000000000000e+06
5.405056500000000000e+06
5.382068500000000000e+06
5.359230500000000000e+06
5.336540000000000000e+06
5.313997500000000000e+06
5.291602000000000000e+06
5.269351500000000000e+06
5.247244500000000000e+06
5.225279000000000000e+06
5.203456500000000000e+06
5.181774000000000000e+06
5.160230500000000000e+06
5.138825500000000000e+06
5.117557500000000000e+06
5.096425500000000000e+06
5.075427000000000000e+06
5.054563000000000000e+06
5.033832000000000000e+06
5.013232000000000000e+06
4.992763000000000000e+06
4.972423000000000000e+06
4.952211000000000000e+06
4.932126000000000000e+06
4.912167500000000000e+06
4.892335500000000000e+06
4.872626000000000000e+06
4.853040000000000000e+06
4.833576500000000000e+06
4.814235000000000000e+06
4.795014000000000000e+06
4.775910500000000000e+06
4.756927000000000000e+06
4.738061000000000000e+06
4.719311000000000000e+06
4.700677000000000000e+06
4.682158000000000000e+06
4.663751000000000000e+06
4.645459000000000000e+06
4.627278000000000000e+06
4.609208000000000000e+06
4.591248000000000000e+06
4.573398000000000000e+06
4.555656500000000000e+06
4.538022000000000000e+06
4.520495000000000000e+06
4.503074000000000000e+06
4.485757500000000000e+06
4.468545500000000000e+06
4.451437500000000000e+06
4.434431500000000000e+06
4.417528000000000000e+06
4.400725000000000000e+06
4.384023000000000000e+06
4.367421500000000000e+06
4.350918000000000000e+06
4.334512000000000000e+06
4.318203000000000000e+06
4.301991500000000000e+06
4.285875500000000000e+06
4.269854500000000000e+06
4.253927500000000000e+06
4.238094000000000000e+06
4.222353500000000000e+06
4.206706000000000000e+06
4.191149500000000000e+06
4.175683500000000000e+06
4.160308000000000000e+06
4.145021500000000000e+06
4.129823500000000000e+06
4.114714500000000000e+06
4.099692500000000000e+06
4.084757250000000000e+06
4.069908000000000000e+06
4.055143750000000000e+06
4.040465000000000000e+06
4.025870750000000000e+06
4.011363000000000000e+06
3.996938000000000000e+06
3.982596000000000000e+06
3.968334500000000000e+06
3.954154500000000000e+06
3.940055000000000000e+06
3.926034250000000000e+06
3.912093500000000000e+06
3.898231250000000000e+06
3.884446750000000000e+06
3.870740000000000000e+06
3.857110000000000000e+06
3.843555750000000000e+06
3.830077500000000000e+06
3.816674750000000000e+06
3.803345750000000000e+06
3.790091000000000000e+06
3.776910750000000000e+06
3.763802500000000000e+06
3.750767000000000000e+06
3.737803250000000000e+06
3.724911250000000000e+06
3.712090000000000000e+06
3.699338250000000000e+06
3.686657000000000000e+06
3.674045000000000000e+06
3.661502500000000000e+06
3.649027250000000000e+06
3.636620500000000000e+06
3.624281250000000000e+06
3.612008500000000000e+06
3.599802000000000000e+06
3.587661750000000000e+06
3.575587000000000000e+06
3.563576750000000000e+06
3.551631750000000000e+06
3.539750000000000000e+06
3.527932000000000000e+06
3.516178000000000000e+06
3.504485000000000000e+06
3.492856250000000000e+06
3.481288750000000000e+06
3.469782000000000000e+06
3.458336500000000000e+06
3.446951250000000000e+06
3.435625750000000000e+06
3.424360250000000000e+06
3.413155000000000000e+06
3.402007750000000000e+06
3.390918500000000000e+06
3.379888000000000000e+06
3.368914750000000000e+06
3.357998500000000000e+06
3.347139500000000000e+06
3.336336750000000000e+06
3.325590000000000000e+06
3.314899750000000000e+06
3.304265000000000000e+06
3.293684500000000000e+06
3.283159500000000000e+06
3.272687250000000000e+06
3.262269250000000000e+06
3.251905000000000000e+06
3.241592750000000000e+06
3.231333750000000000e+06
3.221126500000000000e+06
3.210971750000000000e+06
3.200867750000000000e+06
3.190815250000000000e+06
3.180814000000000000e+06
3.170863000000000000e+06
3.160962000000000000e+06
3.151110750000000000e+06
3.141309000000000000e+06
3.131556250000000000e+06
3.121852250000000000e+06
3.112197250000000000e+06
3.102589500000000000e+06
3.093030500000000000e+06
3.083518750000000000e+06
3.074053500000000000e+06
3.064636000000000000e+06
3.055265000000000000e+06
3.045939750000000000e+06
3.036661000000000000e+06
3.027427500000000000e+06
3.018239750000000000e+06
3.009096500000000000e+06
2.999998000000000000e+06
2.990944500000000000e+06
2.981935000000000000e+06
2.972969000000000000e+06
2.964046750000000000e+06
2.955168250000000000e+06
2.946332250000000000e+06
2.937539250000000000e+06
2.928788750000000000e+06
2.920080000000000000e+06
2.911413500000000000e+06
2.902788500000000000e+06
2.894205250000000000e+06
2.885663250000000000e+06
2.877161500000000000e+06
2.868700500000000000e+06
2.860280500000000000e+06
2.851899250000000000e+06
2.843558500000000000e+06
2.835257750000000000e+06
2.826996000000000000e+06
2.818772500000000000e+06
2.810589250000000000e+06
2.802444000000000000e+06
2.794336750000000000e+06
2.786267250000000000e+06
2.778236750000000000e+06
2.770242750000000000e+06
2.762286500000000000e+06
2.754367750000000000e+06
2.746485000000000000e+06
2.738640250000000000e+06
2.730830500000000000e+06
2.723057750000000000e+06
2.715320750000000000e+06
2.707619750000000000e+06
2.699954000000000000e+06
2.692323000000000000e+06
2.684728250000000000e+06
2.677167500000000000e+06
2.669642250000000000e+06
2.662151000000000000e+06
2.654693750000000000e+06
2.647270750000000000e+06
2.639881500000000000e+06
2.632525500000000000e+06
2.625203250000000000e+06
2.617914000000000000e+06
2.610657750000000000e+06
2.603435000000000000e+06
2.596244500000000000e+06
2.589085500000000000e+06
2.581959500000000000e+06
2.574865500000000000e+06
2.567803500000000000e+06
2.560772500000000000e+06
2.553773250000000000e+06
2.546804750000000000e+06
2.539867500000000000e+06
2.532961750000000000e+06
2.526086000000000000e+06
2.519241000000000000e+06
2.512426250000000000e+06
2.505641750000000000e+06
2.498887250000000000e+06
2.492162000000000000e+06
2.485467000000000000e+06
2.478800500000000000e+06
2.472163250000000000e+06
2.465556000000000000e+06
2.458977500000000000e+06
2.452427000000000000e+06
2.445905750000000000e+06
2.439412750000000000e+06
2.432947500000000000e+06
2.426511000000000000e+06
2.420101750000000000e+06
2.413720500000000000e+06
2.407367000000000000e+06
2.401040000000000000e+06
2.394741250000000000e+06
2.388469250000000000e+06
2.382224000000000000e+06
2.376006250000000000e+06
2.369813750000000000e+06
2.363648750000000000e+06
2.357509250000000000e+06
2.351397000000000000e+06
2.345309750000000000e+06
2.339248750000000000e+06
2.333213000000000000e+06
2.327203750000000000e+06
2.321219000000000000e+06
2.315260250000000000e+06
2.309326000000000000e+06
2.303417000000000000e+06
2.297532500000000000e+06
2.291673250000000000e+06
2.285838000000000000e+06
2.280027500000000000e+06
2.274241250000000000e+06
2.268478750000000000e+06
2.262740750000000000e+06
2.257026000000000000e+06
2.251335500000000000e+06
2.245668250000000000e+06
2.240024750000000000e+06
2.234404500000000000e+06
2.228807500000000000e+06
2.223233500000000000e+06
2.217682250000000000e+06
2.212154000000000000e+06
2.206648000000000000e+06
2.201165250000000000e+06
2.195704500000000000e+06
2.190266250000000000e+06
2.184849750000000000e+06
2.179456000000000000e+06
2.174083750000000000e+06
2.168733500000000000e+06
2.163404500000000000e+06
2.158097750000000000e+06
2.152811750000000000e+06
2.147547500000000000e+06
2.142304500000000000e+06
2.137082000000000000e+06
2.131881500000000000e+06
2.126700750000000000e+06
2.121541750000000000e+06
2.116403000000000000e+06
2.111284750000000000e+06
2.106186750000000000e+06
2.101109500000000000e+06
2.096051875000000000e+06
2.091014500000000000e+06
2.085997750000000000e+06
2.080999875000000000e+06
2.076022625000000000e+06
2.071064625000000000e+06
2.066126125000000000e+06
2.061207500000000000e+06
2.056307500000000000e+06
2.051427500000000000e+06
2.046566500000000000e+06
2.041723875000000000e+06
2.036900500000000000e+06
2.032096375000000000e+06
2.027310875000000000e+06
2.022543375000000000e+06
2.017795000000000000e+06
2.013065125000000000e+06
2.008353000000000000e+06
2.003659625000000000e+06
1.998984000000000000e+06
1.994327000000000000e+06
1.989687375000000000e+06
1.985065750000000000e+06
1.980462000000000000e+06
1.975876000000000000e+06
1.971307625000000000e+06
1.966756500000000000e+06
1.962223125000000000e+06
1.957707000000000000e+06
1.953207875000000000e+06
1.948725750000000000e+06
1.944260625000000000e+06
1.939813000000000000e+06
1.935382000000000000e+06
1.930967625000000000e+06
1.926569750000000000e+06
1.922188875000000000e+06
1.917824375000000000e+06
1.913476375000000000e+06
1.909144625000000000e+06
1.904828875000000000e+06
1.900529750000000000e+06
1.896246750000000000e+06
1.891979250000000000e+06
1.887728125000000000e+06
1.883492750000000000e+06
1.879273000000000000e+06
1.875068875000000000e+06
1.870880875000000000e+06
1.866708000000000000e+06
1.862550875000000000e+06
1.858408375000000000e+06
1.854282125000000000e+06
1.850170375000000000e+06
1.846074375000000000e+06
1.841992875000000000e+06
1.837926625000000000e+06
1.833875375000000000e+06
1.829838875000000000e+06
1.825817125000000000e+06
1.821810375000000000e+06
1.817817625000000000e+06
1.813839750000000000e+06
1.809876500000000000e+06
1.805927625000000000e+06
1.801992875000000000e+06
1.798072250000000000e+06
1.794166250000000000e+06
1.790274250000000000e+06
1.786396250000000000e+06
1.782532000000000000e+06
1.778681750000000000e+06
1.774845625000000000e+06
1.771023125000000000e+06
1.767214000000000000e+06
1.763419000000000000e+06
1.759637500000000000e+06
1.755869125000000000e+06
1.752114625000000000e+06
1.748373125000000000e+06
1.744645125000000000e+06
1.740930500000000000e+06
1.737228625000000000e+06
1.733540500000000000e+06
1.729864875000000000e+06
1.726202625000000000e+06
1.722553250000000000e+06
1.718916625000000000e+06
1.715292500000000000e+06
1.711681625000000000e+06
1.708083250000000000e+06
1.704497750000000000e+06
1.700924500000000000e+06
1.697363375000000000e+06
1.693815250000000000e+06
1.690279000000000000e+06
1.686755625000000000e+06
1.683244375000000000e+06
1.679745125000000000e+06
1.676258250000000000e+06
1.672783125000000000e+06
1.669320125000000000e+06
1.665869500000000000e+06
1.662430500000000000e+06
1.659003375000000000e+06
1.655588125000000000e+06
1.652184625000000000e+06
1.648792625000000000e+06
1.645412125000000000e+06
1.642043500000000000e+06
1.638686500000000000e+06
1.635341000000000000e+06
1.632006750000000000e+06
1.628683750000000000e+06
1.625372125000000000e+06
1.622071750000000000e+06
1.618782625000000000e+06
1.615504500000000000e+06
1.612237750000000000e+06
1.608982375000000000e+06
1.605737125000000000e+06
1.602503250000000000e+06
1.599280500000000000e+06
1.596068000000000000e+06
1.592866875000000000e+06
1.589676625000000000e+06
1.586496750000000000e+06
1.583327250000000000e+06
1.580168625000000000e+06
1.577020750000000000e+06
1.573883000000000000e+06
1.570755875000000000e+06
1.567639125000000000e+06
1.564533000000000000e+06
1.561436750000000000e+06
1.558351125000000000e+06
1.555275625000000000e+06
1.552210250000000000e+06
1.549155125000000000e+06
1.546109750000000000e+06
1.543074750000000000e+06
1.540049750000000000e+06
1.537034500000000000e+06
1.534029250000000000e+06
1.531033750000000000e+06
1.528048125000000000e+06
1.525072250000000000e+06
1.522106375000000000e+06
1.519149750000000000e+06
1.516203125000000000e+06
1.513265375000000000e+06
1.510337875000000000e+06
1.507419875000000000e+06
1.504511000000000000e+06
1.501611750000000000e+06
1.498722000000000000e+06
1.495841500000000000e+06
1.492969750000000000e+06
1.490108000000000000e+06
1.487255000000000000e+06
1.484411500000000000e+06
1.481577125000000000e+06
1.478751750000000000e+06
1.475935375000000000e+06
1.473127750000000000e+06
1.470329750000000000e+06
1.467540250000000000e+06
1.464759875000000000e+06
1.461988250000000000e+06
1.459225125000000000e+06
1.456471000000000000e+06
1.453725750000000000e+06
1.450989250000000000e+06
1.448261375000000000e+06
1.445541875000000000e+06
1.442831000000000000e+06
1.440128750000000000e+06
1.437435250000000000e+06
1.434749875000000000e+06
1.432073000000000000e+06
1.429404875000000000e+06
1.426744750000000000e+06
1.424093250000000000e+06
1.421449875000000000e+06
1.418814625000000000e+06
1.416187875000000000e+06
1.413569125000000000e+06
1.410958375000000000e+06
1.408356000000000000e+06
1.405761625000000000e+06
1.403175375000000000e+06
1.400597250000000000e+06
1.398026750000000000e+06
1.395464500000000000e+06
1.392910000000000000e+06
1.390363500000000000e+06
1.387824875000000000e+06
1.385294125000000000e+06
1.382771125000000000e+06
1.380255625000000000e+06
1.377747750000000000e+06
1.375247750000000000e+06
1.372755625000000000e+06
1.370271000000000000e+06
1.367793875000000000e+06
1.365324125000000000e+06
1.362862000000000000e+06
1.360407750000000000e+06
1.357960625000000000e+06
1.355520875000000000e+06
1.353088500000000000e+06
1.350663875000000000e+06
1.348246000000000000e+06
1.345836000000000000e+06
1.343432750000000000e+06
1.341037125000000000e+06
1.338648750000000000e+06
1.336267250000000000e+06
1.333893125000000000e+06
1.331526125000000000e+06
1.329166125000000000e+06
1.326813250000000000e+06
1.324467375000000000e+06
1.322128250000000000e+06
1.319796500000000000e+06
1.317471750000000000e+06
1.315153625000000000e+06
1.312842500000000000e+06
1.310538375000000000e+06
1.308240875000000000e+06
1.305950250000000000e+06
1.303666625000000000e+06
1.301389250000000000e+06
1.299119250000000000e+06
1.296855375000000000e+06
1.294598250000000000e+06
1.292348125000000000e+06
1.290104375000000000e+06
1.287867000000000000e+06
1.285636750000000000e+06
1.283412625000000000e+06
1.281195125000000000e+06
1.278984250000000000e+06
1.276779500000000000e+06
1.274581375000000000e+06
1.272389875000000000e+06
1.270204250000000000e+06
1.268025375000000000e+06
1.265852500000000000e+06
1.263686250000000000e+06
1.261526125000000000e+06
1.259372375000000000e+06
1.257225000000000000e+06
1.255083625000000000e+06
1.252948125000000000e+06
1.250819375000000000e+06
1.248696000000000000e+06
1.246579375000000000e+06
1.244468750000000000e+06
1.242364125000000000e+06
1.240265375000000000e+06
1.238172750000000000e+06
1.236086000000000000e+06
1.234005375000000000e+06
1.231930375000000000e+06
1.229861750000000000e+06
1.227798750000000000e+06
1.225741750000000000e+06
1.223690375000000000e+06
1.221645125000000000e+06
1.219605500000000000e+06
1.217571500000000000e+06
1.215543375000000000e+06
1.213521125000000000e+06
1.211504500000000000e+06
1.209493625000000000e+06
1.207488250000000000e+06
1.205488750000000000e+06
1.203494500000000000e+06
1.201506375000000000e+06
1.199523375000000000e+06
1.197546000000000000e+06
1.195574500000000000e+06
1.193608125000000000e+06
1.191647500000000000e+06
1.189692125000000000e+06
1.187742375000000000e+06
1.185798000000000000e+06
1.183858875000000000e+06
1.181925500000000000e+06
1.179997250000000000e+06
1.178074250000000000e+06
1.176156750000000000e+06
1.174244375000000000e+06
1.172337500000000000e+06
1.170435875000000000e+06
1.168539250000000000e+06
1.166648125000000000e+06
1.164762125000000000e+06
1.162881375000000000e+06
1.161005500000000000e+06
1.159135125000000000e+06
1.157269500000000000e+06
1.155409375000000000e+06
1.153554250000000000e+06
1.151703875000000000e+06
1.149858750000000000e+06
1.148018625000000000e+06
1.146183625000000000e+06
1.144353750000000000e+06
1.142528875000000000e+06
1.140708375000000000e+06
1.138893500000000000e+06
1.137083250000000000e+06
1.135277875000000000e+06
1.133477000000000000e+06
1.131681625000000000e+06
1.129890875000000000e+06
1.128105000000000000e+06
1.126323750000000000e+06
1.124547375000000000e+06
1.122775750000000000e+06
1.121009125000000000e+06
1.119247125000000000e+06
1.117489625000000000e+06
1.115737000000000000e+06
1.113989125000000000e+06
1.112245750000000000e+06
1.110507125000000000e+06
1.108773000000000000e+06
1.107043625000000000e+06
1.105318750000000000e+06
1.103598750000000000e+06
1.101882750000000000e+06
1.100171750000000000e+06
1.098465125000000000e+06
1.096763000000000000e+06
1.095065500000000000e+06
1.093372625000000000e+06
1.091683875000000000e+06
1.089999625000000000e+06
1.088320000000000000e+06
1.086644500000000000e+06
1.084973625000000000e+06
1.083307250000000000e+06
1.081645125000000000e+06
1.079987250000000000e+06
1.078333750000000000e+06
1.076684625000000000e+06
1.075040000000000000e+06
1.073399250000000000e+06
1.071763000000000000e+06
1.070130875000000000e+06
1.068503125000000000e+06
1.066879625000000000e+06
1.065260250000000000e+06
1.063645250000000000e+06
1.062034250000000000e+06
1.060427625000000000e+06
1.058824750000000000e+06
1.057226500000000000e+06
1.055632000000000000e+06
1.054041750000000000e+06
1.052455750000000000e+06
1.050873625000000000e+06
1.049295750000000000e+06
1.047721687500000000e+06
1.046151875000000000e+06
1.044585875000000000e+06
1.043024187500000000e+06
1.041466250000000000e+06
1.039912312500000000e+06
1.038362437500000000e+06
1.036816437500000000e+06
1.035274187500000000e+06
1.033736250000000000e+06
1.032201875000000000e+06
1.030671687500000000e+06
1.029145250000000000e+06
1.027622812500000000e+06
1.026104000000000000e+06
1.024589187500000000e+06
1.023078062500000000e+06
1.021570937500000000e+06
1.020067562500000000e+06
1.018567812500000000e+06
1.017072000000000000e+06
1.015579937500000000e+06
1.014091625000000000e+06
1.012606937500000000e+06
1.011126000000000000e+06
1.009648875000000000e+06
1.008175562500000000e+06
1.006705625000000000e+06
1.005239562500000000e+06
1.003777250000000000e+06
1.002318500000000000e+06
1.000863125000000000e+06
9.994115625000000000e+05
9.979635000000000000e+05
9.965192500000000000e+05
9.950785000000000000e+05
9.936412500000000000e+05
9.922076250000000000e+05
9.907775625000000000e+05
9.893509375000000000e+05
9.879281250000000000e+05
9.865086250000000000e+05
9.850925000000000000e+05
9.836800000000000000e+05
9.822708125000000000e+05
9.808652500000000000e+05
9.794631250000000000e+05
9.780645000000000000e+05
9.766691875000000000e+05
9.752772500000000000e+05
9.738888750000000000e+05
9.725039375000000000e+05
9.711221250000000000e+05
9.697438750000000000e+05
9.683688125000000000e+05
9.669972500000000000e+05
9.656290000000000000e+05
9.642641250000000000e+05
9.629025000000000000e+05
9.615441250000000000e+05
9.601891875000000000e+05
9.588375625000000000e+05
9.574887500000000000e+05
9.561437500000000000e+05
9.548016875000000000e+05
9.534628750000000000e+05
9.521275000000000000e+05
9.507951250000000000e+05
9.494660000000000000e+05
9.481401875000000000e+05
9.468173750000000000e+05
9.454980000000000000e+05
9.441815625000000000e+05
9.428682500000000000e+05
9.415581875000000000e+05
9.402511875000000000e+05
9.389473750000000000e+05
9.376467500000000000e+05
9.363488750000000000e+05
9.350544375000000000e+05
9.337631250000000000e+05
9.324746875000000000e+05
