4.351938000000000000e+07
3.792130400000000000e+07
3.275991800000000000e+07
2.804012800000000000e+07
2.405478200000000000e+07
2.050495200000000000e+07
1.752651400000000000e+07
1.646744200000000000e+07
1.632948900000000000e+07
1.619531500000000000e+07
1.606429200000000000e+07
1.593596400000000000e+07
1.580997400000000000e+07
1.568606000000000000e+07
1.556399700000000000e+07
1.544361600000000000e+07
1.532477900000000000e+07
1.520737400000000000e+07
1.509130600000000000e+07
1.497649600000000000e+07
1.486288500000000000e+07
1.475041300000000000e+07
1.463904200000000000e+07
1.452872900000000000e+07
1.441944300000000000e+07
1.431115600000000000e+07
1.420384700000000000e+07
1.409749500000000000e+07
1.399208100000000000e+07
1.388759300000000000e+07
1.378401700000000000e+07
1.368134000000000000e+07
1.357955600000000000e+07
1.347865400000000000e+07
1.337862800000000000e+07
1.327946600000000000e+07
1.318116700000000000e+07
1.308372200000000000e+07
1.298712800000000000e+07
1.289137800000000000e+07
1.279646900000000000e+07
1.270239000000000000e+07
1.260914100000000000e+07
1.251672000000000000e+07
1.242511800000000000e+07
1.233433400000000000e+07
1.224436100000000000e+07
1.215519000000000000e+07
1.206682500000000000e+07
1.197925500000000000e+07
1.189247700000000000e+07
1.180648700000000000e+07
1.172127900000000000e+07
1.163684600000000000e+07
1.155318700000000000e+07
1.147029100000000000e+07
1.138815900000000000e+07
1.130678300000000000e+07
1.122615300000000000e+07
1.114626800000000000e+07
1.106712100000000000e+07
1.098870600000000000e+07
1.091102000000000000e+07
1.083404900000000000e+07
1.075779700000000000e+07
1.068225000000000000e+07
1.060740800000000000e+07
1.053325800000000000e+07
1.045979600000000000e+07
1.038702000000000000e+07
1.031491700000000000e+07
1.024348200000000000e+07
1.017271100000000000e+07
1.010259800000000000e+07
1.003313300000000000e+07
9.964310000000000000e+06
9.896124000000000000e+06
9.828566000000000000e+06
9.761630000000000000e+06
9.695308000000000000e+06
9.629598000000000000e+06
9.564483000000000000e+06
9.499964000000000000e+06
9.436035000000000000e+06
9.372973000000000000e+06
9.310489000000000000e+06
9.248582000000000000e+06
9.187243000000000000e+06
9.126468000000000000e+06
9.066245000000000000e+06
9.006573000000000000e+06
8.947441000000000000e+06
8.888849000000000000e+06
8.830785000000000000e+06
8.773243000000000000e+06
8.716222000000000000e+06
8.659708000000000000e+06
8.603699000000000000e+06
8.548185000000000000e+06
8.493163000000000000e+06
8.438623000000000000e+06
8.384560500000000000e+06
8.330963000000000000e+06
8.277827000000000000e+06
8.225142000000000000e+06
8.172900500000000000e+06
8.121087500000000000e+06
8.069694000000000000e+06
8.019397500000000000e+06
7.969679000000000000e+06
7.920406000000000000e+06
7.871574000000000000e+06
7.823177000000000000e+06
7.775208500000000000e+06
7.727667500000000000e+06
7.680548000000000000e+06
7.633843000000000000e+06
7.587548500000000000e+06
7.541662500000000000e+06
7.496177500000000000e+06
7.451091500000000000e+06
7.406398500000000000e+06
7.362094500000000000e+06
7.318175000000000000e+06
7.274637000000000000e+06
7.231475500000000000e+06
7.188686000000000000e+06
7.146265500000000000e+06
7.104210000000000000e+06
7.062512500000000000e+06
7.021172500000000000e+06
6.980185000000000000e+06
6.939547000000000000e+06
6.899253500000000000e+06
6.859303000000000000e+06
6.819687000000000000e+06
6.780408000000000000e+06
6.741458000000000000e+06
6.702835000000000000e+06
6.664536500000000000e+06
6.626557000000000000e+06
6.588893500000000000e+06
6.551544500000000000e+06
6.514503000000000000e+06
6.477772000000000000e+06
6.441342500000000000e+06
6.405212500000000000e+06
6.369379000000000000e+06
6.333841000000000000e+06
6.298593000000000000e+06
6.263633000000000000e+06
6.228958000000000000e+06
6.194563500000000000e+06
6.160449000000000000e+06
6.126611000000000000e+06
6.093044000000000000e+06
6.059748000000000000e+06
6.026720500000000000e+06
5.993956500000000000e+06
5.961454500000000000e+06
5.929212500000000000e+06
5.897225500000000000e+06
5.865493000000000000e+06
5.834012000000000000e+06
5.802779500000000000e+06
5.771792500000000000e+06
5.741050500000000000e+06
5.710549000000000000e+06
5.680284500000000000e+06
5.650258000000000000e+06
5.620465500000000000e+06
5.590903500000000000e+06
5.561570500000000000e+06
5.532465000000000000e+06
5.503584000000000000e+06
5.474925500000000000e+06
5.446487000000000000e+06
5.418264000000000000e+06
5.390259000000000000e+06
5.362466500000000000e+06
5.334886000000000000e+06
5.307515000000000000e+06
5.280349000000000000e+06
5.253390000000000000e+06
5.226634000000000000e+06
5.200076000000000000e+06
5.173721000000000000e+06
5.147561000000000000e+06
5.121596000000000000e+06
5.095824000000000000e+06
5.070242500000000000e+06
5.044852500000000000e+06
5.019648500000000000e+06
4.994630000000000000e+06
4.969794500000000000e+06
4.945141500000000000e+06
4.920667500000000000e+06
4.896373500000000000e+06
4.872254000000000000e+06
4.848309500000000000e+06
4.824545500000000000e+06
4.800973500000000000e+06
4.777571000000000000e+06
4.754339000000000000e+06
4.731274000000000000e+06
4.708374500000000000e+06
4.685637500000000000e+06
4.663064000000000000e+06
4.640651500000000000e+06
4.618398000000000000e+06
4.596302500000000000e+06
4.574364500000000000e+06
4.552580500000000000e+06
4.530950000000000000e+06
4.509472500000000000e+06
4.488144500000000000e+06
4.466966500000000000e+06
4.445936500000000000e+06
4.425053000000000000e+06
4.404314000000000000e+06
4.383720000000000000e+06
4.363268000000000000e+06
4.342957000000000000e+06
4.322786500000000000e+06
4.302754500000000000e+06
4.282859500000000000e+06
4.263102500000000000e+06
4.243480000000000000e+06
4.223992000000000000e+06
4.204636500000000000e+06
4.185412500000000000e+06
4.166320000000000000e+06
4.147357500000000000e+06
4.128523250000000000e+06
4.109816250000000000e+06
4.091235250000000000e+06
4.072780000000000000e+06
4.054449000000000000e+06
4.036241750000000000e+06
4.018156000000000000e+06
4.000192000000000000e+06
3.982347500000000000e+06
3.964623250000000000e+06
3.947016250000000000e+06
3.929526500000000000e+06
3.912153500000000000e+06
3.894895500000000000e+06
3.877751500000000000e+06
3.860722000000000000e+06
3.843803000000000000e+06
3.826997000000000000e+06
3.810301250000000000e+06
3.793714750000000000e+06
3.777237250000000000e+06
3.760868500000000000e+06
3.744605000000000000e+06
3.728449000000000000e+06
3.712401500000000000e+06
3.696468250000000000e+06
3.680638500000000000e+06
3.664911000000000000e+06
3.649284000000000000e+06
3.633758500000000000e+06
3.618333500000000000e+06
3.603006000000000000e+06
3.587778000000000000e+06
3.572647250000000000e+06
3.557612250000000000e+06
3.542680250000000000e+06
3.527844250000000000e+06
3.513102000000000000e+06
3.498452750000000000e+06
3.483896000000000000e+06
3.469432000000000000e+06
3.455057500000000000e+06
3.440774250000000000e+06
3.426580750000000000e+06
3.412475250000000000e+06
3.398459000000000000e+06
3.384529750000000000e+06
3.370687000000000000e+06
3.356931750000000000e+06
3.343260750000000000e+06
3.329675000000000000e+06
3.316173750000000000e+06
3.302754750000000000e+06
3.289420000000000000e+06
3.276167750000000000e+06
3.262996750000000000e+06
3.249906500000000000e+06
3.236897750000000000e+06
3.223969250000000000e+06
3.211119000000000000e+06
3.198348250000000000e+06
3.185655750000000000e+06
3.173058000000000000e+06
3.160803750000000000e+06
3.148624250000000000e+06
3.136517500000000000e+06
3.124485000000000000e+06
3.112523250000000000e+06
3.100635500000000000e+06
3.088818000000000000e+06
3.077072500000000000e+06
3.065395250000000000e+06
3.053789500000000000e+06
3.042252750000000000e+06
3.030783750000000000e+06
3.019383500000000000e+06
3.008051000000000000e+06
2.996784750000000000e+06
2.985585500000000000e+06
2.974452500000000000e+06
2.963384750000000000e+06
2.952383000000000000e+06
2.941444500000000000e+06
2.930570250000000000e+06
2.919759750000000000e+06
2.909012500000000000e+06
2.898327750000000000e+06
2.887704750000000000e+06
2.877143500000000000e+06
2.866643500000000000e+06
2.856204250000000000e+06
2.845825250000000000e+06
2.835505750000000000e+06
2.825245750000000000e+06
2.815044250000000000e+06
2.804901750000000000e+06
2.794816500000000000e+06
2.784789000000000000e+06
2.774819000000000000e+06
2.764906000000000000e+06
2.755049000000000000e+06
2.745247750000000000e+06
2.735505750000000000e+06
2.725820000000000000e+06
2.716189250000000000e+06
2.706612500000000000e+06
2.697089250000000000e+06
2.687619500000000000e+06
2.678202500000000000e+06
2.668838000000000000e+06
2.659526000000000000e+06
2.650265250000000000e+06
2.641056000000000000e+06
2.631897750000000000e+06
2.622790000000000000e+06
2.613732500000000000e+06
2.604725500000000000e+06
2.595767250000000000e+06
2.586858750000000000e+06
2.577998250000000000e+06
2.569187000000000000e+06
2.560423000000000000e+06
2.551708000000000000e+06
2.543039500000000000e+06
2.534418500000000000e+06
2.525844000000000000e+06
2.517315500000000000e+06
2.508833250000000000e+06
2.500396500000000000e+06
2.492005750000000000e+06
2.483659750000000000e+06
2.475358500000000000e+06
2.467102500000000000e+06
2.458889250000000000e+06
2.450720750000000000e+06
2.442595750000000000e+06
2.434513750000000000e+06
2.426474500000000000e+06
2.418477500000000000e+06
2.410523000000000000e+06
2.402610750000000000e+06
2.394740000000000000e+06
2.386911000000000000e+06
2.379122750000000000e+06
2.371375250000000000e+06
2.363668500000000000e+06
2.356001750000000000e+06
2.348375250000000000e+06
2.340788500000000000e+06
2.333241250000000000e+06
2.325732500000000000e+06
2.318263000000000000e+06
2.310832250000000000e+06
2.303439500000000000e+06
2.296085250000000000e+06
2.288769000000000000e+06
2.281489750000000000e+06
2.274248000000000000e+06
2.267043250000000000e+06
2.259875500000000000e+06
2.252744000000000000e+06
2.245649000000000000e+06
2.238590000000000000e+06
2.231567000000000000e+06
2.224579500000000000e+06
2.217627000000000000e+06
2.210709500000000000e+06
2.203827250000000000e+06
2.196979250000000000e+06
2.190165750000000000e+06
2.183386750000000000e+06
2.176641000000000000e+06
2.169929750000000000e+06
2.163251500000000000e+06
2.156606750000000000e+06
2.149994500000000000e+06
2.143415250000000000e+06
2.136868750000000000e+06
2.130354250000000000e+06
2.123872750000000000e+06
2.117422500000000000e+06
2.111004250000000000e+06
2.104617250000000000e+06
2.098261750000000000e+06
2.091937125000000000e+06
2.085643500000000000e+06
2.079380750000000000e+06
2.073148500000000000e+06
2.066946500000000000e+06
2.060774500000000000e+06
2.054632625000000000e+06
2.048520000000000000e+06
2.042437500000000000e+06
2.036383750000000000e+06
2.030359500000000000e+06
2.024364125000000000e+06
2.018397500000000000e+06
2.012459375000000000e+06
2.006549750000000000e+06
2.000668125000000000e+06
1.994815000000000000e+06
1.988989375000000000e+06
1.983191375000000000e+06
1.977421000000000000e+06
1.971677625000000000e+06
1.965961625000000000e+06
1.960272625000000000e+06
1.954610375000000000e+06
1.948975000000000000e+06
1.943365750000000000e+06
1.937783125000000000e+06
1.932226250000000000e+06
1.926695375000000000e+06
1.921190625000000000e+06
1.915711000000000000e+06
1.910257625000000000e+06
1.904829000000000000e+06
1.899425625000000000e+06
1.894047500000000000e+06
1.888693875000000000e+06
1.883365250000000000e+06
1.878060875000000000e+06
1.872780750000000000e+06
1.867525375000000000e+06
1.862293625000000000e+06
1.857086250000000000e+06
1.851902375000000000e+06
1.846742000000000000e+06
1.841605500000000000e+06
1.836492125000000000e+06
1.831402125000000000e+06
1.826335125000000000e+06
1.821290750000000000e+06
1.816269625000000000e+06
1.811270750000000000e+06
1.806294625000000000e+06
1.801340500000000000e+06
1.796408750000000000e+06
1.791499750000000000e+06
1.786611875000000000e+06
1.781746375000000000e+06
1.776902500000000000e+06
1.772080000000000000e+06
1.767278875000000000e+06
1.762499000000000000e+06
1.757740750000000000e+06
1.753003250000000000e+06
1.748286375000000000e+06
1.743591375000000000e+06
1.738915875000000000e+06
1.734261375000000000e+06
1.729627375000000000e+06
1.725013500000000000e+06
1.720420250000000000e+06
1.715846625000000000e+06
1.711293250000000000e+06
1.706759625000000000e+06
1.702245500000000000e+06
1.697751500000000000e+06
1.693276500000000000e+06
1.688820875000000000e+06
1.684384625000000000e+06
1.679967625000000000e+06
1.675569375000000000e+06
1.671190250000000000e+06
1.666829875000000000e+06
1.662488250000000000e+06
1.658165250000000000e+06
1.653861125000000000e+06
1.649574625000000000e+06
1.645306875000000000e+06
1.641057250000000000e+06
1.636825250000000000e+06
1.632611875000000000e+06
1.628416000000000000e+06
1.624237875000000000e+06
1.620077500000000000e+06
1.615934750000000000e+06
1.611809375000000000e+06
1.607701125000000000e+06
1.603610375000000000e+06
1.599536625000000000e+06
1.595480000000000000e+06
1.591440500000000000e+06
1.587417500000000000e+06
1.583411250000000000e+06
1.579422000000000000e+06
1.575449625000000000e+06
1.571492750000000000e+06
1.567553125000000000e+06
1.563629625000000000e+06
1.559722000000000000e+06
1.555830750000000000e+06
1.551955750000000000e+06
1.548096250000000000e+06
1.544252625000000000e+06
1.540425125000000000e+06
1.536612875000000000e+06
1.532816500000000000e+06
1.529035250000000000e+06
1.525269625000000000e+06
1.521519750000000000e+06
1.517784375000000000e+06
1.514064750000000000e+06
1.510359875000000000e+06
1.506670125000000000e+06
1.502995375000000000e+06
1.499335125000000000e+06
1.495689625000000000e+06
1.492059000000000000e+06
1.488443125000000000e+06
1.484841375000000000e+06
1.481254250000000000e+06
1.477681875000000000e+06
1.474122750000000000e+06
1.470578625000000000e+06
1.467048250000000000e+06
1.463531875000000000e+06
1.460029750000000000e+06
1.456541500000000000e+06
1.453066875000000000e+06
1.449605875000000000e+06
1.446158625000000000e+06
1.442725250000000000e+06
1.439305250000000000e+06
1.435898625000000000e+06
1.432505125000000000e+06
1.429125375000000000e+06
1.425758375000000000e+06
1.422404875000000000e+06
1.419064250000000000e+06
1.415737000000000000e+06
1.412422125000000000e+06
1.409120500000000000e+06
1.405831875000000000e+06
1.402555625000000000e+06
1.399292250000000000e+06
1.396041375000000000e+06
1.392803250000000000e+06
1.389577375000000000e+06
1.386364000000000000e+06
1.383162875000000000e+06
1.379974250000000000e+06
1.376797625000000000e+06
1.373633125000000000e+06
1.370481000000000000e+06
1.367340750000000000e+06
1.364212000000000000e+06
1.361095875000000000e+06
1.357991125000000000e+06
1.354898375000000000e+06
1.351817000000000000e+06
1.348747625000000000e+06
1.345690000000000000e+06
1.342643625000000000e+06
1.339608750000000000e+06
1.336585250000000000e+06
1.333573250000000000e+06
1.330572375000000000e+06
1.327583000000000000e+06
1.324604500000000000e+06
1.321637500000000000e+06
1.318681250000000000e+06
1.315736250000000000e+06
1.312801750000000000e+06
1.309878750000000000e+06
1.306966125000000000e+06
1.304064750000000000e+06
1.301173750000000000e+06
1.298293500000000000e+06
1.295423875000000000e+06
1.292564875000000000e+06
1.289716250000000000e+06
1.286878250000000000e+06
1.284050750000000000e+06
1.281233500000000000e+06
1.278426625000000000e+06
1.275629875000000000e+06
1.272843500000000000e+06
1.270067000000000000e+06
1.267301000000000000e+06
1.264544875000000000e+06
1.261798625000000000e+06
1.259062375000000000e+06
1.256336125000000000e+06
1.253619750000000000e+06
1.250913125000000000e+06
1.248216250000000000e+06
1.245529250000000000e+06
1.242851875000000000e+06
1.240183875000000000e+06
1.237525750000000000e+06
1.234877000000000000e+06
1.232237750000000000e+06
1.229607875000000000e+06
1.226987500000000000e+06
1.224376500000000000e+06
1.221774500000000000e+06
1.219182000000000000e+06
1.216598500000000000e+06
1.214024375000000000e+06
1.211459250000000000e+06
1.208903125000000000e+06
1.206356125000000000e+06
1.203818125000000000e+06
1.201289125000000000e+06
1.198769000000000000e+06
1.196257500000000000e+06
1.193755250000000000e+06
1.191261250000000000e+06
1.188776250000000000e+06
1.186300000000000000e+06
1.183832125000000000e+06
1.181373125000000000e+06
1.178922625000000000e+06
1.176480500000000000e+06
1.174046875000000000e+06
1.171621625000000000e+06
1.169205125000000000e+06
1.166796750000000000e+06
1.164396625000000000e+06
1.162004875000000000e+06
1.159621500000000000e+06
1.157246000000000000e+06
1.154878875000000000e+06
1.152519875000000000e+06
1.150168750000000000e+06
1.147825750000000000e+06
1.145490875000000000e+06
1.143163750000000000e+06
1.140845125000000000e+06
1.138534000000000000e+06
1.136230750000000000e+06
1.133935125000000000e+06
1.131647625000000000e+06
1.129367750000000000e+06
1.127095625000000000e+06
1.124831000000000000e+06
1.122574250000000000e+06
1.120325125000000000e+06
1.118083375000000000e+06
1.115849250000000000e+06
1.113622750000000000e+06
1.111403500000000000e+06
1.109191750000000000e+06
1.106987375000000000e+06
1.104790375000000000e+06
1.102600750000000000e+06
1.100418625000000000e+06
1.098243375000000000e+06
1.096075625000000000e+06
1.093914875000000000e+06
1.091761375000000000e+06
1.089615250000000000e+06
1.087475875000000000e+06
1.085343750000000000e+06
1.083218500000000000e+06
1.081100500000000000e+06
1.078989250000000000e+06
1.076885000000000000e+06
1.074787750000000000e+06
1.072697250000000000e+06
1.070613875000000000e+06
1.068536875000000000e+06
1.066467125000000000e+06
1.064403750000000000e+06
1.062347250000000000e+06
1.060297500000000000e+06
1.058254250000000000e+06
1.056217750000000000e+06
1.054188000000000000e+06
1.052164500000000000e+06
1.050147750000000000e+06
1.048137500000000000e+06
1.046133812500000000e+06
1.044136500000000000e+06
1.042145750000000000e+06
1.040161062500000000e+06
1.038183125000000000e+06
1.036211250000000000e+06
1.034245812500000000e+06
1.032286625000000000e+06
1.030333812500000000e+06
1.028387125000000000e+06
1.026446625000000000e+06
1.024512562500000000e+06
1.022584375000000000e+06
1.020662375000000000e+06
1.018746500000000000e+06
1.016836625000000000e+06
1.014932937500000000e+06
1.013035062500000000e+06
1.011143375000000000e+06
1.009257625000000000e+06
1.007377687500000000e+06
1.005503937500000000e+06
1.003635937500000000e+06
1.001773750000000000e+06
9.999173125000000000e+05
9.980668750000000000e+05
9.962220625000000000e+05
9.943831250000000000e+05
9.925500000000000000e+05
9.907223750000000000e+05
9.889006250000000000e+05
9.870845625000000000e+05
9.852739375000000000e+05
9.834690000000000000e+05
9.816696250000000000e+05
9.798759375000000000e+05
9.780879375000000000e+05
9.763051875000000000e+05
9.745281250000000000e+05
9.727564375000000000e+05
9.709900625000000000e+05
9.692293125000000000e+05
9.674739375000000000e+05
9.657240000000000000e+05
9.639793125000000000e+05
9.622400000000000000e+05
9.605059375000000000e+05
9.587773750000000000e+05
9.570537500000000000e+05
9.553354375000000000e+05
9.536226250000000000e+05
9.519149375000000000e+05
9.502124375000000000e+05
9.485149375000000000e+05
9.468226875000000000e+05
9.451355000000000000e+05
9.434533125000000000e+05
9.417765625000000000e+05
9.401045625000000000e+05
9.384376250000000000e+05
9.367758125000000000e+05
9.351189375000000000e+05
9.334669375000000000e+05
9.318201250000000000e+05
9.301782500000000000e+05
9.285411875000000000e+05
9.269090000000000000e+05
9.252816875000000000e+05
9.236593125000000000e+05
9.220416250000000000e+05
9.204288125000000000e+05
9.188207500000000000e+05
9.172176250000000000e+05
9.156189375000000000e+05
9.140251875000000000e+05
9.124362500000000000e+05
9.108518125000000000e+05
9.092720000000000000e+05
9.076971250000000000e+05
9.061266875000000000e+05
9.045609375000000000e+05
9.029998125000000000e+05
9.014431875000000000e+05
8.998911250000000000e+05
8.983435000000000000e+05
8.968006875000000000e+05
8.952621875000000000e+05
8.937281250000000000e+05
8.921985625000000000e+05
8.906735625000000000e+05
8.891530000000000000e+05
8.876367500000000000e+05
8.861250000000000000e+05
8.846175625000000000e+05
8.831143750000000000e+05
8.816157500000000000e+05
8.801214375000000000e+05
8.786313125000000000e+05
8.771454375000000000e+05
8.756640000000000000e+05
8.741865625000000000e+05
8.727138125000000000e+05
8.712450000000000000e+05
8.697801875000000000e+05
8.683197500000000000e+05
8.668636875000000000e+05
8.654117500000000000e+05
8.639638750000000000e+05
8.625200000000000000e+05
8.610803125000000000e+05
8.596446250000000000e+05
8.582133125000000000e+05
8.567858750000000000e+05
8.553626250000000000e+05
8.539430625000000000e+05
8.525277500000000000e+05
8.511166250000000000e+05
8.497091250000000000e+05
8.483058125000000000e+05
8.469063750000000000e+05
8.455108750000000000e+05
8.441191875000000000e+05
8.427316250000000000e+05
8.413478125000000000e+05
8.399679375000000000e+05
8.385918750000000000e+05
8.372197500000000000e+05
8.358513125000000000e+05
8.344869375000000000e+05
8.331260000000000000e+05
8.317691250000000000e+05
8.304158750000000000e+05
8.290666250000000000e+05
8.277208750000000000e+05
8.263788750000000000e+05
8.250407500000000000e+05
8.237062500000000000e+05
8.223753750000000000e+05
8.210481250000000000e+05
8.197246875000000000e+05
8.184047500000000000e+05
8.170885000000000000e+05
8.157760000000000000e+05
8.144670000000000000e+05
8.131617500000000000e+05
8.118599375000000000e+05
8.105614375000000000e+05
8.092668125000000000e+05
8.079754375000000000e+05
8.066878125000000000e+05
8.054036875000000000e+05
8.041230625000000000e+05
8.028458750000000000e+05
8.015720625000000000e+05
8.003019375000000000e+05
7.990350625000000000e+05
7.977716875000000000e+05
7.965115625000000000e+05
7.952551250000000000e+05
7.940020000000000000e+05
7.927522500000000000e+05
7.915058125000000000e+05
7.902628125000000000e+05
7.890230000000000000e+05
7.877866250000000000e+05
7.865535625000000000e+05
7.853238125000000000e+05
7.840974375000000000e+05
7.828741250000000000e+05
7.816541250000000000e+05
7.804373750000000000e+05
7.792240000000000000e+05
7.780138750000000000e+05
7.768069375000000000e+05
7.756030625000000000e+05
7.744025000000000000e+05
7.732050625000000000e+05
7.720109375000000000e+05
7.708200000000000000e+05
7.696318750000000000e+05
7.684472500000000000e+05
7.672655625000000000e+05
7.660870000000000000e+05
7.649117500000000000e+05
7.637391875000000000e+05
7.625700000000000000e+05
7.614038750000000000e+05
7.602407500000000000e+05
7.590806250000000000e+05
7.579236250000000000e+05
7.567696250000000000e+05
7.556186250000000000e+05
7.544707500000000000e+05
7.533258125000000000e+05
7.521838750000000000e+05
7.510446875000000000e+05
7.499085625000000000e+05
7.487754375000000000e+05
7.476452500000000000e+05
7.465180625000000000e+05
7.453938125000000000e+05
7.442723125000000000e+05
7.431538750000000000e+05
7.420380625000000000e+05
7.409253750000000000e+05
7.398155625000000000e+05
7.387084375000000000e+05
7.376041875000000000e+05
7.365028750000000000e+05
7.354044375000000000e+05
7.343086250000000000e+05
7.332156875000000000e+05
7.321255625000000000e+05
7.310381875000000000e+05
7.299536875000000000e+05
7.288718750000000000e+05
7.277929375000000000e+05
7.267166875000000000e+05
7.256430625000000000e+05
7.245723750000000000e+05
7.235041250000000000e+05
7.224388125000000000e+05
7.213761875000000000e+05
7.203160625000000000e+05
7.192587500000000000e+05
7.182041250000000000e+05
7.171521250000000000e+05
7.161027500000000000e+05
7.150560625000000000e+05
7.140120000000000000e+05
7.129706250000000000e+05
7.119318125000000000e+05
7.108955000000000000e+05
7.098619375000000000e+05
7.088310000000000000e+05
7.078023750000000000e+05
7.067766250000000000e+05
7.057533125000000000e+05
7.047324375000000000e+05
7.037143125000000000e+05
7.026986250000000000e+05
7.016853750000000000e+05
7.006747500000000000e+05
6.996666875000000000e+05
6.986610000000000000e+05
6.976578125000000000e+05
6.966571875000000000e+05
6.956590625000000000e+05
6.946632500000000000e+05
6.936700000000000000e+05
6.926791250000000000e+05
6.916907500000000000e+05
6.907048750000000000e+05
6.897213125000000000e+05
6.887402500000000000e+05
6.877615000000000000e+05
6.867851875000000000e+05
6.858113125000000000e+05
6.848398125000000000e+05
6.838706250000000000e+05
6.829038125000000000e+05
6.819393125000000000e+05
6.809773750000000000e+05
6.800176875000000000e+05
6.790601250000000000e+05
6.781051250000000000e+05
6.771523125000000000e+05
6.762021250000000000e+05
6.752537500000000000e+05
6.743080000000000000e+05
6.733645000000000000e+05
6.724231250000000000e+05
6.714841250000000000e+05
6.705474375000000000e+05
6.696128750000000000e+05
6.686807500000000000e+05
6.677506875000000000e+05
6.668229375000000000e+05
6.658974375000000000e+05
6.649741250000000000e+05
6.640530625000000000e+05
6.631341875000000000e+05
6.622173750000000000e+05
6.613029375000000000e+05
6.603906875000000000e+05
6.594805625000000000e+05
6.585726250000000000e+05
6.576668125000000000e+05
6.567630625000000000e+05
6.558616875000000000e+05
6.549623750000000000e+05
6.540650625000000000e+05
6.531699375000000000e+05
