2.218823394775390625e+02
2.109807739257812500e+02
1.967879486083984375e+02
1.831422424316406250e+02
1.702571105957031250e+02
1.585241241455078125e+02
1.503127746582031250e+02
1.471425628662109375e+02
1.449766540527343750e+02
1.428828125000000000e+02
1.408572540283203125e+02
1.388969268798828125e+02
1.369994506835937500e+02
1.351627044677734375e+02
1.333849487304687500e+02
1.316644439697265625e+02
1.299995880126953125e+02
1.283889617919921875e+02
1.268310699462890625e+02
1.253245697021484375e+02
1.238680496215820312e+02
1.224600753784179688e+02
1.210993804931640625e+02
1.197845153808593750e+02
1.185141448974609375e+02
1.172869873046875000e+02
1.161016693115234375e+02
1.149568023681640625e+02
1.138510742187500000e+02
1.127832183837890625e+02
1.117518539428710938e+02
1.107557296752929688e+02
1.097935409545898438e+02
1.088640289306640625e+02
1.079659652709960938e+02
1.070980987548828125e+02
1.062592926025390625e+02
1.054483261108398438e+02
1.046640701293945312e+02
1.039053573608398438e+02
1.031711349487304688e+02
1.024603576660156250e+02
1.017718200683593750e+02
1.011042098999023438e+02
1.004564285278320312e+02
9.982750701904296875e+01
9.921656036376953125e+01
9.862258911132812500e+01
9.804479217529296875e+01
9.748235321044921875e+01
9.693445587158203125e+01
9.640036773681640625e+01
9.587943267822265625e+01
9.537097167968750000e+01
9.487434387207031250e+01
9.438901519775390625e+01
9.391442871093750000e+01
9.345004272460937500e+01
9.299536132812500000e+01
9.255001831054687500e+01
9.211348724365234375e+01
9.168544769287109375e+01
9.126552581787109375e+01
9.085334014892578125e+01
9.044857788085937500e+01
9.005096435546875000e+01
8.966020202636718750e+01
8.927599334716796875e+01
8.889801025390625000e+01
8.852600097656250000e+01
8.815980529785156250e+01
8.779922485351562500e+01
8.744409942626953125e+01
8.709428405761718750e+01
8.674961853027343750e+01
8.641001129150390625e+01
8.607534790039062500e+01
8.574547576904296875e+01
8.542034912109375000e+01
8.509986114501953125e+01
8.478391265869140625e+01
8.447242736816406250e+01
8.416529846191406250e+01
8.386247253417968750e+01
8.356386566162109375e+01
8.326940917968750000e+01
8.297901916503906250e+01
8.269263458251953125e+01
8.241017150878906250e+01
8.213158416748046875e+01
8.185681915283203125e+01
8.158575439453125000e+01
8.131840515136718750e+01
8.105468750000000000e+01
8.079453277587890625e+01
8.053787231445312500e+01
8.028470611572265625e+01
8.003495025634765625e+01
7.978850555419921875e+01
7.954533386230468750e+01
7.930535888671875000e+01
7.906851959228515625e+01
7.883472442626953125e+01
7.860399627685546875e+01
7.837627410888671875e+01
7.815148925781250000e+01
7.792962646484375000e+01
7.771060943603515625e+01
7.749443054199218750e+01
7.728103637695312500e+01
7.707041168212890625e+01
7.686248016357421875e+01
7.665724945068359375e+01
7.645465850830078125e+01
7.625468444824218750e+01
7.605729675292968750e+01
7.586244201660156250e+01
7.567008972167968750e+01
7.548020935058593750e+01
7.529280090332031250e+01
7.510777282714843750e+01
7.492514038085937500e+01
7.474481201171875000e+01
7.456681823730468750e+01
7.439108276367187500e+01
7.421759033203125000e+01
7.404631042480468750e+01
7.387720489501953125e+01
7.371023559570312500e+01
7.354537963867187500e+01
7.338260650634765625e+01
7.322187042236328125e+01
7.306317138671875000e+01
7.290642547607421875e+01
7.275164031982421875e+01
7.259877777099609375e+01
7.244780731201171875e+01
7.229869842529296875e+01
7.215145111083984375e+01
7.200600433349609375e+01
7.186231231689453125e+01
7.172037506103515625e+01
7.158017730712890625e+01
7.144166564941406250e+01
7.130484008789062500e+01
7.116961669921875000e+01
7.103604888916015625e+01
7.090408325195312500e+01
7.077366638183593750e+01
7.064479064941406250e+01
7.051744842529296875e+01
7.039160156250000000e+01
7.026721954345703125e+01
7.014430236816406250e+01
7.002278900146484375e+01
6.990270233154296875e+01
6.978399658203125000e+01
6.966664123535156250e+01
6.955064392089843750e+01
6.943595886230468750e+01
6.932255554199218750e+01
6.921044158935546875e+01
6.909959411621093750e+01
6.898999786376953125e+01
6.888157653808593750e+01
6.877439117431640625e+01
6.866838073730468750e+01
6.856352233886718750e+01
6.845981597900390625e+01
6.835724639892578125e+01
6.825577545166015625e+01
6.815539550781250000e+01
6.805608367919921875e+01
6.795785522460937500e+01
6.786066436767578125e+01
6.776449584960937500e+01
6.766932678222656250e+01
6.757516479492187500e+01
6.748197174072265625e+01
6.738974761962890625e+01
6.729846191406250000e+01
6.720812988281250000e+01
6.711869812011718750e+01
6.703018188476562500e+01
6.694254302978515625e+01
6.685579681396484375e+01
6.676990509033203125e+01
6.668486022949218750e+01
6.660066223144531250e+01
6.651728820800781250e+01
6.643472290039062500e+01
6.635295104980468750e+01
6.627197265625000000e+01
6.619175720214843750e+01
6.611230468750000000e+01
6.603361511230468750e+01
6.595565795898437500e+01
6.587843322753906250e+01
6.580191040039062500e+01
6.572610473632812500e+01
6.565099334716796875e+01
6.557655334472656250e+01
6.550279235839843750e+01
6.542971038818359375e+01
6.535725402832031250e+01
6.528546142578125000e+01
6.521430206298828125e+01
6.514376068115234375e+01
6.507382965087890625e+01
6.500450134277343750e+01
6.493578338623046875e+01
6.486763763427734375e+01
6.480007934570312500e+01
6.473306274414062500e+01
6.466663360595703125e+01
6.460076141357421875e+01
6.453541564941406250e+01
6.447061157226562500e+01
6.440634918212890625e+01
6.434257507324218750e+01
6.427933502197265625e+01
6.421660614013671875e+01
6.415435791015625000e+01
6.409259796142578125e+01
6.403131866455078125e+01
6.397053527832031250e+01
6.391019821166992188e+01
6.385032653808593750e+01
6.379090881347656250e+01
6.373192977905273438e+01
6.367340850830078125e+01
6.361531448364257812e+01
6.355766296386718750e+01
6.350041580200195312e+01
6.344358444213867188e+01
6.338716888427734375e+01
6.333115768432617188e+01
6.327553939819335938e+01
6.322031402587890625e+01
6.316547393798828125e+01
6.311101150512695312e+01
6.305694198608398438e+01
6.300321197509765625e+01
6.294987487792968750e+01
6.289687728881835938e+01
6.284424591064453125e+01
6.279195022583007812e+01
6.274001312255859375e+01
6.268841934204101562e+01
6.263713836669921875e+01
6.258620452880859375e+01
6.253558349609375000e+01
6.248528671264648438e+01
6.243530654907226562e+01
6.238563156127929688e+01
6.233627700805664062e+01
6.228720855712890625e+01
6.223846054077148438e+01
6.218999481201171875e+01
6.214181137084960938e+01
6.209391021728515625e+01
6.204631805419921875e+01
6.199897003173828125e+01
6.195191574096679688e+01
6.190513229370117188e+01
6.185861968994140625e+01
6.181235122680664062e+01
6.176635360717773438e+01
6.172061920166015625e+01
6.167512130737304688e+01
6.162987899780273438e+01
6.158488082885742188e+01
6.154013061523437500e+01
6.149560928344726562e+01
6.145133209228515625e+01
6.140729522705078125e+01
6.136346817016601562e+01
6.131987380981445312e+01
6.127650833129882812e+01
6.123337173461914062e+01
6.119042587280273438e+01
6.114770507812500000e+01
6.110520935058593750e+01
6.106290817260742188e+01
6.102082443237304688e+01
6.097893524169921875e+01
6.093724441528320312e+01
6.089575958251953125e+01
6.085446929931640625e+01
6.081337356567382812e+01
6.077245712280273438e+01
6.073175048828125000e+01
6.069119644165039062e+01
6.065085220336914062e+01
6.061067962646484375e+01
6.057069015502929688e+01
6.053086090087890625e+01
6.049122619628906250e+01
6.045175933837890625e+01
6.041246414184570312e+01
6.037332153320312500e+01
6.033435058593750000e+01
6.029555892944335938e+01
6.025690841674804688e+01
6.021841430664062500e+01
6.018010711669921875e+01
6.014192962646484375e+01
6.010390853881835938e+01
6.006605148315429688e+01
6.002833938598632812e+01
5.999076461791992188e+01
5.995335006713867188e+01
5.991607666015625000e+01
5.987895584106445312e+01
5.984196090698242188e+01
5.980511474609375000e+01
5.976838302612304688e+01
5.973182296752929688e+01
5.969538497924804688e+01
5.965907287597656250e+01
5.962289047241210938e+01
5.958684539794921875e+01
5.955094528198242188e+01
5.951513671875000000e+01
5.947947311401367188e+01
5.944393539428710938e+01
5.940851974487304688e+01
5.937323379516601562e+01
5.933805084228515625e+01
5.930300521850585938e+01
5.926806259155273438e+01
5.923324584960937500e+01
5.919853210449218750e+01
5.916394042968750000e+01
5.912945175170898438e+01
5.909510040283203125e+01
5.906085586547851562e+01
5.902671051025390625e+01
5.899266433715820312e+01
5.895874023437500000e+01
5.892491912841796875e+01
5.889120483398437500e+01
5.885758209228515625e+01
5.882406616210937500e+01
5.879066085815429688e+01
5.875734710693359375e+01
5.872413635253906250e+01
5.869103240966796875e+01
5.865800857543945312e+01
5.862510299682617188e+01
5.859227371215820312e+01
5.855955505371093750e+01
5.852691650390625000e+01
5.849438095092773438e+01
5.846193695068359375e+01
5.842958450317382812e+01
5.839731979370117188e+01
5.836516189575195312e+01
5.833306884765625000e+01
5.830107116699218750e+01
5.826917266845703125e+01
5.823734664916992188e+01
5.820561599731445312e+01
5.817396926879882812e+01
5.814241027832031250e+01
5.811092376708984375e+01
5.807953262329101562e+01
5.804821014404296875e+01
5.801697921752929688e+01
5.798583602905273438e+01
5.795475387573242188e+01
5.792376327514648438e+01
5.789286422729492188e+01
5.786203002929687500e+01
5.783128356933593750e+01
5.780059814453125000e+01
5.777000045776367188e+01
5.773948287963867188e+01
5.770903396606445312e+01
5.767865753173828125e+01
5.764836883544921875e+01
5.761814498901367188e+01
5.758798599243164062e+01
5.755792236328125000e+01
5.752791976928710938e+01
5.749798202514648438e+01
5.746812438964843750e+01
5.743833923339843750e+01
5.740860366821289062e+01
5.737896728515625000e+01
5.734938430786132812e+01
5.731988906860351562e+01
5.729044723510742188e+01
5.726106262207031250e+01
5.723178100585937500e+01
5.720253372192382812e+01
5.717336654663085938e+01
5.714427185058593750e+01
5.711523056030273438e+01
5.708626556396484375e+01
5.705737686157226562e+01
5.702853012084960938e+01
5.699976348876953125e+01
5.697106170654296875e+01
5.694241333007812500e+01
5.691383743286132812e+01
5.688533401489257812e+01
5.685687255859375000e+01
5.682849884033203125e+01
5.680017089843750000e+01
5.677190017700195312e+01
5.674371337890625000e+01
5.671557235717773438e+01
5.668750762939453125e+01
5.665948486328125000e+01
5.663153839111328125e+01
5.660364913940429688e+01
5.657581710815429688e+01
5.654804611206054688e+01
5.652033233642578125e+01
5.649268722534179688e+01
5.646511077880859375e+01
5.643757629394531250e+01
5.641009902954101562e+01
5.638268661499023438e+01
5.635533523559570312e+01
5.632804489135742188e+01
5.630080795288085938e+01
5.627363586425781250e+01
5.624651336669921875e+01
5.621946334838867188e+01
5.619243621826171875e+01
5.616549301147460938e+01
5.613862609863281250e+01
5.611178970336914062e+01
5.608501434326171875e+01
5.605831146240234375e+01
5.603165817260742188e+01
5.600505447387695312e+01
5.597850799560546875e+01
5.595202636718750000e+01
5.592559814453125000e+01
5.589922332763671875e+01
5.587290191650390625e+01
5.584664916992187500e+01
5.582043838500976562e+01
5.579429626464843750e+01
5.576821136474609375e+01
5.574217605590820312e+01
5.571619796752929688e+01
5.569026947021484375e+01
5.566439056396484375e+01
5.563858032226562500e+01
5.561282348632812500e+01
5.558712005615234375e+01
5.556145858764648438e+01
5.553586959838867188e+01
5.551033020019531250e+01
5.548484802246093750e+01
5.545941925048828125e+01
5.543403625488281250e+01
5.540872192382812500e+01
5.538344573974609375e+01
5.535821914672851562e+01
5.533306884765625000e+01
5.530796432495117188e+01
5.528290176391601562e+01
5.525790786743164062e+01
5.523295593261718750e+01
5.520807266235351562e+01
5.518321609497070312e+01
5.515843582153320312e+01
5.513369750976562500e+01
5.510901260375976562e+01
5.508439254760742188e+01
5.505980300903320312e+01
5.503529739379882812e+01
5.501081466674804688e+01
5.498638916015625000e+01
5.496203231811523438e+01
5.493772506713867188e+01
5.491346359252929688e+01
5.488924789428710938e+01
5.486509704589843750e+01
5.484099197387695312e+01
5.481694030761718750e+01
5.479294586181640625e+01
5.476899719238281250e+01
5.474510574340820312e+01
5.472124862670898438e+01
5.469746398925781250e+01
5.467371749877929688e+01
5.465001296997070312e+01
5.462639617919921875e+01
5.460280227661132812e+01
5.457926559448242188e+01
5.455579757690429688e+01
5.453234863281250000e+01
5.450897979736328125e+01
5.448563766479492188e+01
5.446237182617187500e+01
5.443914413452148438e+01
5.441596984863281250e+01
5.439284515380859375e+01
5.436976242065429688e+01
5.434675216674804688e+01
5.432376861572265625e+01
5.430084228515625000e+01
5.427798080444335938e+01
5.425576782226562500e+01
5.423373413085937500e+01
5.421183013916015625e+01
5.419002914428710938e+01
5.416836166381835938e+01
5.414682006835937500e+01
5.412539291381835938e+01
5.410407638549804688e+01
5.408288574218750000e+01
5.406179809570312500e+01
5.404080200195312500e+01
5.401990509033203125e+01
5.399910354614257812e+01
5.397839736938476562e+01
5.395777511596679688e+01
5.393721771240234375e+01
5.391674041748046875e+01
5.389634704589843750e+01
5.387602615356445312e+01
5.385575485229492188e+01
5.383557128906250000e+01
5.381544113159179688e+01
5.379537200927734375e+01
5.377537536621093750e+01
5.375543212890625000e+01
5.373555374145507812e+01
5.371574020385742188e+01
5.369598388671875000e+01
5.367627716064453125e+01
5.365665054321289062e+01
5.363706588745117188e+01
5.361754989624023438e+01
5.359809112548828125e+01
5.357869720458984375e+01
5.355935668945312500e+01
5.354008865356445312e+01
5.352085113525390625e+01
5.350169754028320312e+01
5.348258972167968750e+01
5.346353912353515625e+01
5.344455337524414062e+01
5.342561340332031250e+01
5.340674591064453125e+01
5.338791656494140625e+01
5.336912918090820312e+01
5.335042572021484375e+01
5.333176040649414062e+01
5.331315994262695312e+01
5.329460525512695312e+01
5.327609252929687500e+01
5.325764465332031250e+01
5.323924255371093750e+01
5.322089767456054688e+01
5.320260238647460938e+01
5.318435668945312500e+01
5.316614532470703125e+01
5.314801025390625000e+01
5.312990188598632812e+01
5.311185836791992188e+01
5.309384155273437500e+01
5.307588577270507812e+01
5.305797576904296875e+01
5.304012298583984375e+01
5.302230453491210938e+01
5.300453186035156250e+01
5.298682022094726562e+01
5.296912765502929688e+01
5.295148468017578125e+01
5.293391799926757812e+01
5.291636276245117188e+01
5.289886093139648438e+01
5.288140869140625000e+01
5.286399459838867188e+01
5.284662628173828125e+01
5.282929611206054688e+01
5.281201553344726562e+01
5.279477310180664062e+01
5.277757263183593750e+01
5.276041030883789062e+01
5.274330520629882812e+01
5.272623062133789062e+01
5.270920562744140625e+01
5.269220733642578125e+01
5.267526245117187500e+01
5.265835571289062500e+01
5.264148330688476562e+01
5.262464523315429688e+01
5.260786056518554688e+01
5.259110641479492188e+01
5.257440185546875000e+01
5.255772018432617188e+01
5.254109191894531250e+01
5.252449417114257812e+01
5.250793457031250000e+01
5.249140930175781250e+01
5.247494125366210938e+01
5.245849990844726562e+01
5.244208526611328125e+01
5.242572784423828125e+01
5.240938568115234375e+01
5.239310836791992188e+01
5.237683486938476562e+01
5.236062622070312500e+01
5.234443283081054688e+01
5.232828903198242188e+01
5.231218338012695312e+01
5.229610061645507812e+01
5.228005218505859375e+01
5.226406097412109375e+01
5.224808883666992188e+01
5.223214721679687500e+01
5.221625518798828125e+01
5.220037460327148438e+01
5.218455886840820312e+01
5.216880035400390625e+01
5.215307998657226562e+01
5.213742065429687500e+01
5.212179946899414062e+01
5.210621261596679688e+01
5.209067535400390625e+01
5.207516479492187500e+01
5.205973052978515625e+01
5.204431152343750000e+01
5.202895355224609375e+01
5.201361465454101562e+01
5.199832534790039062e+01
5.198308181762695312e+01
5.196787643432617188e+01
5.195272064208984375e+01
5.193759155273437500e+01
5.192251968383789062e+01
5.190747070312500000e+01
5.189246368408203125e+01
5.187750625610351562e+01
5.186257934570312500e+01
5.184770202636718750e+01
5.183285140991210938e+01
5.181803894042968750e+01
5.180326843261718750e+01
5.178853225708007812e+01
5.177384567260742188e+01
5.175918579101562500e+01
5.174456787109375000e+01
5.172996902465820312e+01
5.171543121337890625e+01
5.170091629028320312e+01
5.168642807006835938e+01
5.167198944091796875e+01
5.165758895874023438e+01
5.164322280883789062e+01
5.162888336181640625e+01
5.161458206176757812e+01
5.160030364990234375e+01
5.158606719970703125e+01
5.157187271118164062e+01
5.155771636962890625e+01
5.154359054565429688e+01
5.152947235107421875e+01
5.151543807983398438e+01
5.150139236450195312e+01
5.148738861083984375e+01
5.147343826293945312e+01
5.145949554443359375e+01
5.144559097290039062e+01
5.143172836303710938e+01
5.141789245605468750e+01
5.140409088134765625e+01
5.139032363891601562e+01
5.137658309936523438e+01
5.136287689208984375e+01
5.134920883178710938e+01
5.133555984497070312e+01
5.132193756103515625e+01
5.130836486816406250e+01
5.129480361938476562e+01
5.128128433227539062e+01
5.126779937744140625e+01
5.125434875488281250e+01
5.124090957641601562e+01
5.122751617431640625e+01
5.121414566040039062e+01
5.120079803466796875e+01
5.118749237060546875e+01
5.117421722412109375e+01
5.116095733642578125e+01
5.114774322509765625e+01
5.113455581665039062e+01
5.112138366699218750e+01
5.110825347900390625e+01
5.109515762329101562e+01
5.108206939697265625e+01
5.106902694702148438e+01
5.105599975585937500e+01
5.104301834106445312e+01
5.103005981445312500e+01
5.101711654663085938e+01
5.100421524047851562e+01
5.099134445190429688e+01
5.097848892211914062e+01
5.096566772460937500e+01
5.095286560058593750e+01
5.094010925292968750e+01
5.092735671997070312e+01
5.091464614868164062e+01
5.090195846557617188e+01
5.088930130004882812e+01
5.087667846679687500e+01
5.086406707763671875e+01
5.085148620605468750e+01
5.083893203735351562e+01
5.082640075683593750e+01
5.081390762329101562e+01
5.080142974853515625e+01
5.078897857666015625e+01
5.077655792236328125e+01
5.076416397094726562e+01
5.075179672241210938e+01
5.073944854736328125e+01
5.072713470458984375e+01
5.071484375000000000e+01
5.070257568359375000e+01
5.069032287597656250e+01
5.067811203002929688e+01
5.066591644287109375e+01
5.065374755859375000e+01
5.064160537719726562e+01
5.062949371337890625e+01
5.061739349365234375e+01
5.060533142089843750e+01
5.059328842163085938e+01
5.058126068115234375e+01
5.056926727294921875e+01
5.055729675292968750e+01
5.054535293579101562e+01
5.053342437744140625e+01
5.052153396606445312e+01
5.050965499877929688e+01
5.049780273437500000e+01
5.048597717285156250e+01
5.047417068481445312e+01
5.046239089965820312e+01
5.045063781738281250e+01
5.043890380859375000e+01
5.042719268798828125e+01
5.041550064086914062e+01
5.040383911132812500e+01
5.039219284057617188e+01
5.038057708740234375e+01
5.036898803710937500e+01
5.035741806030273438e+01
5.034585571289062500e+01
5.033433914184570312e+01
5.032283782958984375e+01
5.031135177612304688e+01
5.029988861083984375e+01
5.028844451904296875e+01
5.027703857421875000e+01
5.026564407348632812e+01
5.025428390502929688e+01
5.024292755126953125e+01
5.023160171508789062e+01
5.022029113769531250e+01
5.020902252197265625e+01
5.019775009155273438e+01
5.018651199340820312e+01
5.017528533935546875e+01
5.016410064697265625e+01
5.015292358398437500e+01
5.014175796508789062e+01
5.013063430786132812e+01
5.011952209472656250e+01
5.010842895507812500e+01
5.009737014770507812e+01
5.008630752563476562e+01
5.007529067993164062e+01
5.006428909301757812e+01
5.005331039428710938e+01
5.004233932495117188e+01
5.003138732910156250e+01
5.002045822143554688e+01
5.000956726074218750e+01
4.999869537353515625e+01
4.998781967163085938e+01
4.997696685791015625e+01
4.996615982055664062e+01
4.995536804199218750e+01
4.994457626342773438e+01
4.993381118774414062e+01
4.992307281494140625e+01
4.991235351562500000e+01
4.990165710449218750e+01
4.989097595214843750e+01
4.988031768798828125e+01
4.986967468261718750e+01
4.985905456542968750e+01
4.984844970703125000e+01
4.983786773681640625e+01
4.982730865478515625e+01
4.981676864624023438e+01
4.980624008178710938e+01
4.979573822021484375e+01
4.978524780273437500e+01
4.977478408813476562e+01
4.976433563232421875e+01
4.975390243530273438e+01
4.974350357055664062e+01
4.973310852050781250e+01
4.972274780273437500e+01
4.971239089965820312e+01
4.970206069946289062e+01
4.969173812866210938e+01
4.968145370483398438e+01
4.967118072509765625e+01
4.966091156005859375e+01
4.965066909790039062e+01
4.964044952392578125e+01
4.963024902343750000e+01
4.962007141113281250e+01
4.960990905761718750e+01
4.959975433349609375e+01
4.958963012695312500e+01
4.957950973510742188e+01
4.956941986083984375e+01
4.955934906005859375e+01
4.954928970336914062e+01
4.953925323486328125e+01
4.952923202514648438e+01
4.951922225952148438e+01
4.950925445556640625e+01
4.949928283691406250e+01
4.948933410644531250e+01
4.947940444946289062e+01
4.946949005126953125e+01
4.945959472656250000e+01
4.944971466064453125e+01
4.943985748291015625e+01
4.943000411987304688e+01
4.942018127441406250e+01
4.941038131713867188e+01
4.940058135986328125e+01
4.939081954956054688e+01
4.938106155395507812e+01
4.937131881713867188e+01
4.936158752441406250e+01
4.935188674926757812e+01
4.934222412109375000e+01
4.933256912231445312e+01
4.932293701171875000e+01
4.931333160400390625e+01
4.930373382568359375e+01
4.929416275024414062e+01
4.928462600708007812e+01
4.927510833740234375e+01
4.926560592651367188e+01
4.925613784790039062e+01
4.924667358398437500e+01
4.923724746704101562e+01
4.922784042358398438e+01
4.921843719482421875e+01
4.920907211303710938e+01
4.919972229003906250e+01
4.919039535522460938e+01
4.918109130859375000e+01
4.917179489135742188e+01
4.916252517700195312e+01
4.915327453613281250e+01
4.914403152465820312e+01
4.913483047485351562e+01
4.912563323974609375e+01
4.911645507812500000e+01
4.910730361938476562e+01
4.909815979003906250e+01
4.908903503417968750e+01
4.907994461059570312e+01
4.907084274291992188e+01
4.906178283691406250e+01
4.905273056030273438e+01
4.904369354248046875e+01
4.903467178344726562e+01
4.902566528320312500e+01
4.901669311523437500e+01
4.900770950317382812e+01
4.899876403808593750e+01
4.898982620239257812e+01
4.898090744018554688e+01
4.897199630737304688e+01
4.896311950683593750e+01
4.895425033569335938e+01
4.894538497924804688e+01
4.893654632568359375e+01
4.892771530151367188e+01
4.891890716552734375e+01
4.891011810302734375e+01
4.890134048461914062e+01
4.889257049560546875e+01
4.888381958007812500e+01
4.887507629394531250e+01
4.886636734008789062e+01
4.885766220092773438e+01
4.884897232055664062e+01
4.884029769897460938e+01
4.883163070678710938e+01
4.882299423217773438e+01
4.881435394287109375e+01
4.880573654174804688e+01
4.879713821411132812e+01
4.878855514526367188e+01
4.877997589111328125e+01
4.877141571044921875e+01
4.876288223266601562e+01
4.875435256958007812e+01
4.874584197998046875e+01
4.873733139038085938e+01
4.872885131835937500e+01
4.872038269042968750e+01
4.871192169189453125e+01
4.870347976684570312e+01
4.869504165649414062e+01
4.868663024902343750e+01
4.867823791503906250e+01
4.866984558105468750e+01
4.866148376464843750e+01
4.865311813354492188e+01
4.864477157592773438e+01
4.863643264770507812e+01
4.862812042236328125e+01
4.861981201171875000e+01
4.861153030395507812e+01
4.860324859619140625e+01
4.859498596191406250e+01
4.858673095703125000e+01
4.857850265502929688e+01
4.857027053833007812e+01
4.856206893920898438e+01
4.855387496948242188e+01
4.854570770263671875e+01
4.853753662109375000e+01
4.852936935424804688e+01
4.852124023437500000e+01
4.851311111450195312e+01
4.850499725341796875e+01
4.849690628051757812e+01
4.848880004882812500e+01
4.848073959350585938e+01
4.847267150878906250e+01
4.846462631225585938e+01
4.845659637451171875e+01
4.844857406616210938e+01
4.844057083129882812e+01
4.843257522583007812e+01
4.842459487915039062e+01
4.841662979125976562e+01
4.840867996215820312e+01
4.840073013305664062e+01
4.839280319213867188e+01
4.838488769531250000e+01
4.837698745727539062e+01
4.836909484863281250e+01
4.836121368408203125e+01
4.835334777832031250e+01
4.834550476074218750e+01
4.833765792846679688e+01
4.832983779907226562e+01
4.832202529907226562e+01
4.831421661376953125e+01
4.830643463134765625e+01
4.829866790771484375e+01
4.829088973999023438e+01
4.828313827514648438e+01
4.827540969848632812e+01
4.826769638061523438e+01
4.825997543334960938e+01
4.825226211547851562e+01
4.824458694458007812e+01
4.823691177368164062e+01
4.822925186157226562e+01
4.822161102294921875e+01
4.821397018432617188e+01
4.820634841918945312e+01
4.819872665405273438e+01
4.819112777709960938e+01
4.818354797363281250e+01
4.817596435546875000e+01
4.816839599609375000e+01
4.816083145141601562e+01
4.815330886840820312e+01
4.814578628540039062e+01
4.813826751708984375e+01
4.813076400756835938e+01
4.812327575683593750e+01
4.811579132080078125e+01
