6.182404000000000000e+07
5.380493600000000000e+07
4.642346800000000000e+07
3.967914400000000000e+07
3.400540400000000000e+07
2.894427800000000000e+07
2.466098000000000000e+07
2.314841000000000000e+07
2.295828400000000000e+07
2.277344000000000000e+07
2.259299600000000000e+07
2.241629000000000000e+07
2.224283000000000000e+07
2.207221600000000000e+07
2.190414800000000000e+07
2.173838200000000000e+07
2.157472000000000000e+07
2.141300200000000000e+07
2.125309000000000000e+07
2.109488000000000000e+07
2.093828200000000000e+07
2.078321800000000000e+07
2.062962200000000000e+07
2.047744400000000000e+07
2.032663600000000000e+07
2.017716400000000000e+07
2.002899800000000000e+07
1.988210000000000000e+07
1.973645600000000000e+07
1.959204600000000000e+07
1.944885000000000000e+07
1.930685000000000000e+07
1.916603800000000000e+07
1.902640400000000000e+07
1.888793000000000000e+07
1.875061600000000000e+07
1.861445000000000000e+07
1.847943000000000000e+07
1.834554400000000000e+07
1.821278400000000000e+07
1.808115200000000000e+07
1.795063600000000000e+07
1.782122800000000000e+07
1.769293600000000000e+07
1.756574200000000000e+07
1.743964400000000000e+07
1.731464000000000000e+07
1.719071600000000000e+07
1.706787800000000000e+07
1.694611600000000000e+07
1.682542000000000000e+07
1.670579100000000000e+07
1.658721600000000000e+07
1.646969500000000000e+07
1.635321400000000000e+07
1.623777700000000000e+07
1.612336900000000000e+07
1.600999100000000000e+07
1.589762900000000000e+07
1.578627500000000000e+07
1.567592700000000000e+07
1.556657900000000000e+07
1.545821500000000000e+07
1.535083400000000000e+07
1.524442700000000000e+07
1.513898900000000000e+07
1.503450500000000000e+07
1.493097500000000000e+07
1.482838200000000000e+07
1.472672700000000000e+07
1.462599100000000000e+07
1.452617800000000000e+07
1.442726800000000000e+07
1.432926000000000000e+07
1.423214300000000000e+07
1.413590400000000000e+07
1.404054400000000000e+07
1.394604300000000000e+07
1.385240000000000000e+07
1.375960000000000000e+07
1.366763700000000000e+07
1.357650000000000000e+07
1.348617700000000000e+07
1.339675600000000000e+07
1.330843400000000000e+07
1.322091500000000000e+07
1.313418700000000000e+07
1.304824700000000000e+07
1.296308000000000000e+07
1.287867800000000000e+07
1.279503800000000000e+07
1.271214500000000000e+07
1.262999400000000000e+07
1.254857600000000000e+07
1.246788100000000000e+07
1.238790400000000000e+07
1.230862800000000000e+07
1.223005300000000000e+07
1.215216500000000000e+07
1.207495400000000000e+07
1.199841800000000000e+07
1.192253300000000000e+07
1.184730300000000000e+07
1.177270800000000000e+07
1.169873600000000000e+07
1.162537900000000000e+07
1.155261600000000000e+07
1.148053400000000000e+07
1.141004000000000000e+07
1.134017200000000000e+07
1.127092100000000000e+07
1.120228500000000000e+07
1.113425500000000000e+07
1.106681900000000000e+07
1.099997700000000000e+07
1.093372000000000000e+07
1.086804400000000000e+07
1.080293800000000000e+07
1.073840100000000000e+07
1.067442200000000000e+07
1.061099900000000000e+07
1.054812400000000000e+07
1.048579000000000000e+07
1.042399200000000000e+07
1.036272800000000000e+07
1.030198500000000000e+07
1.024176400000000000e+07
1.018205600000000000e+07
1.012285700000000000e+07
1.006416000000000000e+07
1.000596100000000000e+07
9.948254000000000000e+06
9.891036000000000000e+06
9.834298000000000000e+06
9.778037000000000000e+06
9.722248000000000000e+06
9.666924000000000000e+06
9.612066000000000000e+06
9.557661000000000000e+06
9.503710000000000000e+06
9.450208000000000000e+06
9.397145000000000000e+06
9.344521000000000000e+06
9.292334000000000000e+06
9.240573000000000000e+06
9.189236000000000000e+06
9.138321000000000000e+06
9.087822000000000000e+06
9.037733000000000000e+06
8.988051000000000000e+06
8.938774000000000000e+06
8.889893000000000000e+06
8.841409000000000000e+06
8.793314000000000000e+06
8.745606000000000000e+06
8.698281000000000000e+06
8.651334000000000000e+06
8.604763000000000000e+06
8.558561000000000000e+06
8.512728000000000000e+06
8.467259000000000000e+06
8.422147000000000000e+06
8.377393000000000000e+06
8.332992000000000000e+06
8.288938000000000000e+06
8.245230500000000000e+06
8.201864500000000000e+06
8.158838000000000000e+06
8.116144500000000000e+06
8.073784500000000000e+06
8.031753500000000000e+06
7.990044500000000000e+06
7.948660000000000000e+06
7.907594000000000000e+06
7.866843500000000000e+06
7.826404500000000000e+06
7.786274500000000000e+06
7.746451000000000000e+06
7.706930500000000000e+06
7.667711000000000000e+06
7.628788000000000000e+06
7.590158000000000000e+06
7.551821500000000000e+06
7.513772000000000000e+06
7.476009000000000000e+06
7.438528500000000000e+06
7.401327500000000000e+06
7.364406500000000000e+06
7.327758000000000000e+06
7.291382000000000000e+06
7.255275500000000000e+06
7.219437000000000000e+06
7.183861000000000000e+06
7.148547500000000000e+06
7.113492500000000000e+06
7.078696000000000000e+06
7.044153500000000000e+06
7.009861500000000000e+06
6.975818500000000000e+06
6.942025000000000000e+06
6.908474500000000000e+06
6.875167000000000000e+06
6.842100500000000000e+06
6.809271000000000000e+06
6.776678000000000000e+06
6.744316000000000000e+06
6.712186500000000000e+06
6.680288000000000000e+06
6.648614500000000000e+06
6.617166000000000000e+06
6.585940500000000000e+06
6.554936500000000000e+06
6.524149500000000000e+06
6.493581000000000000e+06
6.463225000000000000e+06
6.433083500000000000e+06
6.403149000000000000e+06
6.373427500000000000e+06
6.343912000000000000e+06
6.314599000000000000e+06
6.285492500000000000e+06
6.256585500000000000e+06
6.227877500000000000e+06
6.199367500000000000e+06
6.171055500000000000e+06
6.142935000000000000e+06
6.115009500000000000e+06
6.087273500000000000e+06
6.059726000000000000e+06
6.032368500000000000e+06
6.005196500000000000e+06
5.978210500000000000e+06
5.951405000000000000e+06
5.924784500000000000e+06
5.898341000000000000e+06
5.872077000000000000e+06
5.845991000000000000e+06
5.820079000000000000e+06
5.794344500000000000e+06
5.768779500000000000e+06
5.743386500000000000e+06
5.718163000000000000e+06
5.693109000000000000e+06
5.668221000000000000e+06
5.643499000000000000e+06
5.618940000000000000e+06
5.594546000000000000e+06
5.570313000000000000e+06
5.546239500000000000e+06
5.522325500000000000e+06
5.498569000000000000e+06
5.474969000000000000e+06
5.451524000000000000e+06
5.428232000000000000e+06
5.405092000000000000e+06
5.382104000000000000e+06
5.359266000000000000e+06
5.336576500000000000e+06
5.314034500000000000e+06
5.291638000000000000e+06
5.269388000000000000e+06
5.247281000000000000e+06
5.225316500000000000e+06
5.203494000000000000e+06
5.181810500000000000e+06
5.160267500000000000e+06
5.138863000000000000e+06
5.117594500000000000e+06
5.096462000000000000e+06
5.075465000000000000e+06
5.054600500000000000e+06
5.033869500000000000e+06
5.013270000000000000e+06
4.992800500000000000e+06
4.972460000000000000e+06
4.952248000000000000e+06
4.932163500000000000e+06
4.912206000000000000e+06
4.892373000000000000e+06
4.872664000000000000e+06
4.853079000000000000e+06
4.833615000000000000e+06
4.814273000000000000e+06
4.795052500000000000e+06
4.775950000000000000e+06
4.756966000000000000e+06
4.738099000000000000e+06
4.719349500000000000e+06
4.700715500000000000e+06
4.682195000000000000e+06
4.663790500000000000e+06
4.645497500000000000e+06
4.627316500000000000e+06
4.609246000000000000e+06
4.591286000000000000e+06
4.573437000000000000e+06
4.555695500000000000e+06
4.538061000000000000e+06
4.520533000000000000e+06
4.503112500000000000e+06
4.485796500000000000e+06
4.468584500000000000e+06
4.451476500000000000e+06
4.434470500000000000e+06
4.417567000000000000e+06
4.400764500000000000e+06
4.384063000000000000e+06
4.367460000000000000e+06
4.350956000000000000e+06
4.334550000000000000e+06
4.318241500000000000e+06
4.302030000000000000e+06
4.285914000000000000e+06
4.269892000000000000e+06
4.253965000000000000e+06
4.238132000000000000e+06
4.222392000000000000e+06
4.206744000000000000e+06
4.191187500000000000e+06
4.175721250000000000e+06
4.160345000000000000e+06
4.145059250000000000e+06
4.129861000000000000e+06
4.114751750000000000e+06
4.099729750000000000e+06
4.084794000000000000e+06
4.069944500000000000e+06
4.055181000000000000e+06
4.040502000000000000e+06
4.025907000000000000e+06
4.011398750000000000e+06
3.996973750000000000e+06
3.982631000000000000e+06
3.968370500000000000e+06
3.954189500000000000e+06
3.940089750000000000e+06
3.926069500000000000e+06
3.912128750000000000e+06
3.898266500000000000e+06
3.884482250000000000e+06
3.870775000000000000e+06
3.857144500000000000e+06
3.843590500000000000e+06
3.830112500000000000e+06
3.816709250000000000e+06
3.803380250000000000e+06
3.790126000000000000e+06
3.776945250000000000e+06
3.763837250000000000e+06
3.750801000000000000e+06
3.737838000000000000e+06
3.724945500000000000e+06
3.712123750000000000e+06
3.699373000000000000e+06
3.686691750000000000e+06
3.674080000000000000e+06
3.661537000000000000e+06
3.649062250000000000e+06
3.636654500000000000e+06
3.624316000000000000e+06
3.612043000000000000e+06
3.599836250000000000e+06
3.587696000000000000e+06
3.575621250000000000e+06
3.563611250000000000e+06
3.551665750000000000e+06
3.539784250000000000e+06
3.527967000000000000e+06
3.516212000000000000e+06
3.504520750000000000e+06
3.492891000000000000e+06
3.481322750000000000e+06
3.469816250000000000e+06
3.458370500000000000e+06
3.446985250000000000e+06
3.435660750000000000e+06
3.424395500000000000e+06
3.413189000000000000e+06
3.402042250000000000e+06
3.390953250000000000e+06
3.379922750000000000e+06
3.368949750000000000e+06
3.358032750000000000e+06
3.347174250000000000e+06
3.336371500000000000e+06
3.325625000000000000e+06
3.314935750000000000e+06
3.304300500000000000e+06
3.293720250000000000e+06
3.283194250000000000e+06
3.272722750000000000e+06
3.262304750000000000e+06
3.251940000000000000e+06
3.241628250000000000e+06
3.231368500000000000e+06
3.221161750000000000e+06
3.211006250000000000e+06
3.200902750000000000e+06
3.190850000000000000e+06
3.180848750000000000e+06
3.170897250000000000e+06
3.160996250000000000e+06
3.151145000000000000e+06
3.141342750000000000e+06
3.131590250000000000e+06
3.121886000000000000e+06
3.112230500000000000e+06
3.102623750000000000e+06
3.093064250000000000e+06
3.083552000000000000e+06
3.074087750000000000e+06
3.064669250000000000e+06
3.055298000000000000e+06
3.045973250000000000e+06
3.036694000000000000e+06
3.027460250000000000e+06
3.018272000000000000e+06
3.009128750000000000e+06
3.000030500000000000e+06
2.990976750000000000e+06
2.981967000000000000e+06
2.973001750000000000e+06
2.964078750000000000e+06
2.955200250000000000e+06
2.946363750000000000e+06
2.937571500000000000e+06
2.928820250000000000e+06
2.920112000000000000e+06
2.911445500000000000e+06
2.902821000000000000e+06
2.894236500000000000e+06
2.885694000000000000e+06
2.877193000000000000e+06
2.868732000000000000e+06
2.860310750000000000e+06
2.851930750000000000e+06
2.843589500000000000e+06
2.835288500000000000e+06
2.827026750000000000e+06
2.818803750000000000e+06
2.810619500000000000e+06
2.802474250000000000e+06
2.794366750000000000e+06
2.786298000000000000e+06
2.778266250000000000e+06
2.770272750000000000e+06
2.762316500000000000e+06
2.754397500000000000e+06
2.746515250000000000e+06
2.738669750000000000e+06
2.730860000000000000e+06
2.723087000000000000e+06
2.715350250000000000e+06
2.707648750000000000e+06
2.699982750000000000e+06
2.692352000000000000e+06
2.684757500000000000e+06
2.677196500000000000e+06
2.669670750000000000e+06
2.662179250000000000e+06
2.654722500000000000e+06
2.647298750000000000e+06
2.639909500000000000e+06
2.632553750000000000e+06
2.625231750000000000e+06
2.617942750000000000e+06
2.610686250000000000e+06
2.603462750000000000e+06
2.596271750000000000e+06
2.589113250000000000e+06
2.581987250000000000e+06
2.574893250000000000e+06
2.567830500000000000e+06
2.560799500000000000e+06
2.553800500000000000e+06
2.546831750000000000e+06
2.539895000000000000e+06
2.532988750000000000e+06
2.526113000000000000e+06
2.519267500000000000e+06
2.512452750000000000e+06
2.505668000000000000e+06
2.498913250000000000e+06
2.492188000000000000e+06
2.485493250000000000e+06
2.478827000000000000e+06
2.472189750000000000e+06
2.465582000000000000e+06
2.459003250000000000e+06
2.452452750000000000e+06
2.445931500000000000e+06
2.439438250000000000e+06
2.432973000000000000e+06
2.426536250000000000e+06
2.420127000000000000e+06
2.413745500000000000e+06
2.407392000000000000e+06
2.401065750000000000e+06
2.394766250000000000e+06
2.388493750000000000e+06
2.382248250000000000e+06
2.376030250000000000e+06
2.369838000000000000e+06
2.363673000000000000e+06
2.357533750000000000e+06
2.351421000000000000e+06
2.345334000000000000e+06
2.339272500000000000e+06
2.333237250000000000e+06
2.327227000000000000e+06
2.321242750000000000e+06
2.315283500000000000e+06
2.309349750000000000e+06
2.303440500000000000e+06
2.297555750000000000e+06
2.291696500000000000e+06
2.285861250000000000e+06
2.280050750000000000e+06
2.274264000000000000e+06
2.268501750000000000e+06
2.262763750000000000e+06
2.257048750000000000e+06
2.251358000000000000e+06
2.245691000000000000e+06
2.240047250000000000e+06
2.234427000000000000e+06
2.228829500000000000e+06
2.223255750000000000e+06
2.217704500000000000e+06
2.212175750000000000e+06
2.206670250000000000e+06
2.201187000000000000e+06
2.195726500000000000e+06
2.190287750000000000e+06
2.184871750000000000e+06
2.179477500000000000e+06
2.174105000000000000e+06
2.168754250000000000e+06
2.163426250000000000e+06
2.158118250000000000e+06
2.152832750000000000e+06
2.147568250000000000e+06
2.142325000000000000e+06
2.137103250000000000e+06
2.131901750000000000e+06
2.126721750000000000e+06
2.121562000000000000e+06
2.116423500000000000e+06
2.111305000000000000e+06
2.106207000000000000e+06
2.101129500000000000e+06
2.096071875000000000e+06
2.091034750000000000e+06
2.086017500000000000e+06
2.081019875000000000e+06
2.076042375000000000e+06
2.071084250000000000e+06
2.066145500000000000e+06
2.061227000000000000e+06
2.056327125000000000e+06
2.051446625000000000e+06
2.046585375000000000e+06
2.041742875000000000e+06
2.036919750000000000e+06
2.032115250000000000e+06
2.027329500000000000e+06
2.022562250000000000e+06
2.017813625000000000e+06
2.013083000000000000e+06
2.008371750000000000e+06
2.003677875000000000e+06
1.999002500000000000e+06
1.994345250000000000e+06
1.989705250000000000e+06
1.985083625000000000e+06
1.980480250000000000e+06
1.975894000000000000e+06
1.971325375000000000e+06
1.966774125000000000e+06
1.962240500000000000e+06
1.957724000000000000e+06
1.953225375000000000e+06
1.948743000000000000e+06
1.944278250000000000e+06
1.939830125000000000e+06
1.935399000000000000e+06
1.930984375000000000e+06
1.926586625000000000e+06
1.922205500000000000e+06
1.917841000000000000e+06
1.913492750000000000e+06
1.909160875000000000e+06
1.904845375000000000e+06
1.900546000000000000e+06
1.896262875000000000e+06
1.891995500000000000e+06
1.887743750000000000e+06
1.883508625000000000e+06
1.879289125000000000e+06
1.875084875000000000e+06
1.870896500000000000e+06
1.866723500000000000e+06
1.862566000000000000e+06
1.858424000000000000e+06
1.854297500000000000e+06
1.850185625000000000e+06
1.846089125000000000e+06
1.842007750000000000e+06
1.837941750000000000e+06
1.833890250000000000e+06
1.829853750000000000e+06
1.825831625000000000e+06
1.821824875000000000e+06
1.817832375000000000e+06
1.813854625000000000e+06
1.809890875000000000e+06
1.805941500000000000e+06
1.802007000000000000e+06
1.798086875000000000e+06
1.794180375000000000e+06
1.790288125000000000e+06
1.786410000000000000e+06
1.782545750000000000e+06
1.778695750000000000e+06
1.774859250000000000e+06
1.771036625000000000e+06
1.767227750000000000e+06
1.763432250000000000e+06
1.759650875000000000e+06
1.755882500000000000e+06
1.752127875000000000e+06
1.748386250000000000e+06
1.744658500000000000e+06
1.740943875000000000e+06
1.737242000000000000e+06
1.733553250000000000e+06
1.729878125000000000e+06
1.726215500000000000e+06
1.722565750000000000e+06
1.718929000000000000e+06
1.715305250000000000e+06
1.711694375000000000e+06
1.708095500000000000e+06
1.704509875000000000e+06
1.700936250000000000e+06
1.697375625000000000e+06
1.693827125000000000e+06
1.690291125000000000e+06
1.686767500000000000e+06
1.683256000000000000e+06
1.679756750000000000e+06
1.676269750000000000e+06
1.672794750000000000e+06
1.669331750000000000e+06
1.665881125000000000e+06
1.662441875000000000e+06
1.659014750000000000e+06
1.655599375000000000e+06
1.652195625000000000e+06
1.648803750000000000e+06
1.645423000000000000e+06
1.642054500000000000e+06
1.638697125000000000e+06
1.635351500000000000e+06
1.632017375000000000e+06
1.628694250000000000e+06
1.625382625000000000e+06
1.622082250000000000e+06
1.618793125000000000e+06
1.615515125000000000e+06
1.612248250000000000e+06
1.608992625000000000e+06
1.605747375000000000e+06
1.602513250000000000e+06
1.599290500000000000e+06
1.596078500000000000e+06
1.592876750000000000e+06
1.589686500000000000e+06
1.586506125000000000e+06
1.583337375000000000e+06
1.580178500000000000e+06
1.577030125000000000e+06
1.573892625000000000e+06
1.570765625000000000e+06
1.567648750000000000e+06
1.564542375000000000e+06
1.561446250000000000e+06
1.558360375000000000e+06
1.555284625000000000e+06
1.552219375000000000e+06
1.549164250000000000e+06
1.546118875000000000e+06
1.543083375000000000e+06
1.540058500000000000e+06
1.537043000000000000e+06
1.534037875000000000e+06
1.531042375000000000e+06
1.528056750000000000e+06
1.525080750000000000e+06
1.522114750000000000e+06
1.519158250000000000e+06
1.516211250000000000e+06
1.513273750000000000e+06
1.510346000000000000e+06
1.507427750000000000e+06
1.504519000000000000e+06
1.501619750000000000e+06
1.498729750000000000e+06
1.495849125000000000e+06
1.492977625000000000e+06
1.490115750000000000e+06
1.487263000000000000e+06
1.484419375000000000e+06
1.481584625000000000e+06
1.478759125000000000e+06
1.475942625000000000e+06
1.473135500000000000e+06
1.470336875000000000e+06
1.467547375000000000e+06
1.464767000000000000e+06
1.461995250000000000e+06
1.459232250000000000e+06
1.456478000000000000e+06
1.453732750000000000e+06
1.450996125000000000e+06
1.448268000000000000e+06
1.445548625000000000e+06
1.442838000000000000e+06
1.440135250000000000e+06
1.437441750000000000e+06
1.434756500000000000e+06
1.432079500000000000e+06
1.429411375000000000e+06
1.426751125000000000e+06
1.424099500000000000e+06
1.421455875000000000e+06
1.418820750000000000e+06
1.416194000000000000e+06
1.413575250000000000e+06
1.410964625000000000e+06
1.408362250000000000e+06
1.405767750000000000e+06
1.403181250000000000e+06
1.400603000000000000e+06
1.398032500000000000e+06
1.395470125000000000e+06
1.392915625000000000e+06
1.390369000000000000e+06
1.387830375000000000e+06
1.385299375000000000e+06
1.382776250000000000e+06
1.380260875000000000e+06
1.377753250000000000e+06
1.375253000000000000e+06
1.372760625000000000e+06
1.370276000000000000e+06
1.367799000000000000e+06
1.365329375000000000e+06
1.362867000000000000e+06
1.360412375000000000e+06
1.357965250000000000e+06
1.355525750000000000e+06
1.353093125000000000e+06
1.350668250000000000e+06
1.348250750000000000e+06
1.345840500000000000e+06
1.343437500000000000e+06
1.341041750000000000e+06
1.338653000000000000e+06
1.336271625000000000e+06
1.333897375000000000e+06
1.331530250000000000e+06
1.329170500000000000e+06
1.326817250000000000e+06
1.324471375000000000e+06
1.322132625000000000e+06
1.319800500000000000e+06
1.317475625000000000e+06
1.315157500000000000e+06
1.312846375000000000e+06
1.310542125000000000e+06
1.308244625000000000e+06
1.305954125000000000e+06
1.303670125000000000e+06
1.301393000000000000e+06
1.299122500000000000e+06
1.296858625000000000e+06
1.294601750000000000e+06
1.292351625000000000e+06
1.290107750000000000e+06
1.287870625000000000e+06
1.285640125000000000e+06
1.283415750000000000e+06
1.281198250000000000e+06
1.278987000000000000e+06
1.276782625000000000e+06
1.274584250000000000e+06
1.272392875000000000e+06
1.270207375000000000e+06
1.268028125000000000e+06
1.265855375000000000e+06
1.263688875000000000e+06
1.261528875000000000e+06
1.259375000000000000e+06
1.257227375000000000e+06
1.255085875000000000e+06
1.252950625000000000e+06
1.250821375000000000e+06
1.248698750000000000e+06
1.246581625000000000e+06
1.244470875000000000e+06
1.242366250000000000e+06
1.240267750000000000e+06
1.238174625000000000e+06
1.236088000000000000e+06
1.234007375000000000e+06
1.231932500000000000e+06
1.229863500000000000e+06
1.227800750000000000e+06
1.225743500000000000e+06
1.223692250000000000e+06
1.221646750000000000e+06
1.219607125000000000e+06
1.217573500000000000e+06
1.215545125000000000e+06
1.213522750000000000e+06
1.211506000000000000e+06
1.209495250000000000e+06
1.207490000000000000e+06
1.205490000000000000e+06
1.203496000000000000e+06
1.201507625000000000e+06
1.199524625000000000e+06
1.197547375000000000e+06
1.195575750000000000e+06
1.193609250000000000e+06
1.191648500000000000e+06
1.189693125000000000e+06
1.187743375000000000e+06
1.185799000000000000e+06
1.183859875000000000e+06
1.181926250000000000e+06
1.179998125000000000e+06
1.178075000000000000e+06
1.176157625000000000e+06
1.174245375000000000e+06
1.172338000000000000e+06
1.170436500000000000e+06
1.168540000000000000e+06
1.166648750000000000e+06
1.164762625000000000e+06
1.162881875000000000e+06
1.161005875000000000e+06
1.159135375000000000e+06
1.157270000000000000e+06
1.155409750000000000e+06
1.153554375000000000e+06
1.151704375000000000e+06
1.149859125000000000e+06
1.148019000000000000e+06
1.146184000000000000e+06
1.144354000000000000e+06
1.142528875000000000e+06
1.140708500000000000e+06
1.138893250000000000e+06
1.137083250000000000e+06
1.135277625000000000e+06
1.133477125000000000e+06
1.131681500000000000e+06
1.129890625000000000e+06
1.128104750000000000e+06
1.126323625000000000e+06
1.124547250000000000e+06
1.122775375000000000e+06
1.121008625000000000e+06
1.119246625000000000e+06
1.117489250000000000e+06
1.115736375000000000e+06
1.113988250000000000e+06
1.112245125000000000e+06
1.110506375000000000e+06
1.108772125000000000e+06
1.107042750000000000e+06
1.105318000000000000e+06
1.103597625000000000e+06
1.101882000000000000e+06
1.100170875000000000e+06
1.098464125000000000e+06
1.096762000000000000e+06
1.095064500000000000e+06
1.093371500000000000e+06
1.091682875000000000e+06
1.089998500000000000e+06
1.088319000000000000e+06
1.086643375000000000e+06
1.084972625000000000e+06
1.083306000000000000e+06
1.081643625000000000e+06
1.079985750000000000e+06
1.078332500000000000e+06
1.076683125000000000e+06
1.075038375000000000e+06
1.073397875000000000e+06
1.071761500000000000e+06
1.070129375000000000e+06
1.068501625000000000e+06
1.066878125000000000e+06
1.065258625000000000e+06
1.063643500000000000e+06
1.062032500000000000e+06
1.060425875000000000e+06
1.058823250000000000e+06
1.057224500000000000e+06
1.055630250000000000e+06
1.054039875000000000e+06
1.052453625000000000e+06
1.050871750000000000e+06
1.049293750000000000e+06
1.047719812500000000e+06
1.046149812500000000e+06
1.044583937500000000e+06
1.043021875000000000e+06
1.041464062500000000e+06
1.039910125000000000e+06
1.038360125000000000e+06
1.036814125000000000e+06
1.035272250000000000e+06
1.033733937500000000e+06
1.032199875000000000e+06
1.030669312500000000e+06
1.029142750000000000e+06
1.027620312500000000e+06
1.026101500000000000e+06
1.024586687500000000e+06
1.023075562500000000e+06
1.021568437500000000e+06
1.020064812500000000e+06
1.018565250000000000e+06
1.017069187500000000e+06
1.015577187500000000e+06
1.014088875000000000e+06
1.012604062500000000e+06
1.011123312500000000e+06
1.009646250000000000e+06
1.008172562500000000e+06
1.006702812500000000e+06
1.005236687500000000e+06
1.003774062500000000e+06
1.002315375000000000e+06
1.000860125000000000e+06
9.994087500000000000e+05
9.979605000000000000e+05
9.965161250000000000e+05
9.950754375000000000e+05
9.936381875000000000e+05
9.922045625000000000e+05
9.907744375000000000e+05
9.893479375000000000e+05
9.879247500000000000e+05
9.865053125000000000e+05
9.850892500000000000e+05
9.836765000000000000e+05
9.822675625000000000e+05
9.808618750000000000e+05
9.794599375000000000e+05
9.780611250000000000e+05
9.766656250000000000e+05
9.752740000000000000e+05
9.738853750000000000e+05
9.725002500000000000e+05
9.711185625000000000e+05
9.697403125000000000e+05
9.683653125000000000e+05
9.669936250000000000e+05
9.656254375000000000e+05
9.642604375000000000e+05
9.628988125000000000e+05
9.615403125000000000e+05
9.601853750000000000e+05
9.588336250000000000e+05
9.574851250000000000e+05
9.561397500000000000e+05
9.547977500000000000e+05
9.534589375000000000e+05
9.521236875000000000e+05
9.507912500000000000e+05
9.494621250000000000e+05
9.481361875000000000e+05
9.468133125000000000e+05
9.454937500000000000e+05
9.441773750000000000e+05
9.428642500000000000e+05
9.415541250000000000e+05
9.402470625000000000e+05
9.389430000000000000e+05
9.376423750000000000e+05
9.363446875000000000e+05
9.350501875000000000e+05
9.337588750000000000e+05
9.324703750000000000e+05
