2.218823394775390625e+02
2.109807739257812500e+02
1.967879028320312500e+02
1.831422576904296875e+02
1.702571258544921875e+02
1.585241394042968750e+02
1.503127593994140625e+02
1.471425476074218750e+02
1.449766082763671875e+02
1.428827514648437500e+02
1.408571624755859375e+02
1.388968200683593750e+02
1.369992828369140625e+02
1.351625213623046875e+02
1.333846893310546875e+02
1.316640777587890625e+02
1.299991302490234375e+02
1.283883819580078125e+02
1.268303756713867188e+02
1.253237075805664062e+02
1.238670043945312500e+02
1.224588699340820312e+02
1.210979080200195312e+02
1.197828063964843750e+02
1.185121917724609375e+02
1.172847137451171875e+02
1.160990371704101562e+02
1.149537811279296875e+02
1.138476409912109375e+02
1.127793197631835938e+02
1.117474822998046875e+02
1.107508239746093750e+02
1.097880630493164062e+02
1.088579559326171875e+02
1.079592285156250000e+02
1.070906600952148438e+02
1.062510833740234375e+02
1.054393157958984375e+02
1.046542053222656250e+02
1.038946075439453125e+02
1.031594314575195312e+02
1.024476623535156250e+02
1.017580795288085938e+02
1.010893478393554688e+02
1.004404602050781250e+02
9.981036376953125000e+01
9.919817352294921875e+01
9.860292816162109375e+01
9.802381896972656250e+01
9.745997619628906250e+01
9.691071319580078125e+01
9.637518310546875000e+01
9.585275268554687500e+01
9.534277343750000000e+01
9.484463500976562500e+01
9.435771179199218750e+01
9.388150024414062500e+01
9.341546630859375000e+01
9.295916748046875000e+01
9.251210784912109375e+01
9.207389831542968750e+01
9.164412689208984375e+01
9.122242736816406250e+01
9.080848693847656250e+01
9.040196990966796875e+01
9.000256347656250000e+01
8.961002349853515625e+01
8.922402191162109375e+01
8.884426116943359375e+01
8.847048187255859375e+01
8.810252380371093750e+01
8.774018096923828125e+01
8.738329315185546875e+01
8.703170776367187500e+01
8.668529510498046875e+01
8.634394073486328125e+01
8.600754547119140625e+01
8.567594909667968750e+01
8.534909820556640625e+01
8.502691650390625000e+01
8.470927429199218750e+01
8.439610290527343750e+01
8.408733367919921875e+01
8.378285980224609375e+01
8.348262786865234375e+01
8.318656921386718750e+01
8.289459228515625000e+01
8.260665130615234375e+01
8.232266235351562500e+01
8.204257202148437500e+01
8.176629638671875000e+01
8.149378204345703125e+01
8.122499084472656250e+01
8.095986938476562500e+01
8.069830322265625000e+01
8.044031524658203125e+01
8.018579864501953125e+01
7.993470001220703125e+01
7.968689727783203125e+01
7.944237518310546875e+01
7.920101165771484375e+01
7.896282196044921875e+01
7.872770690917968750e+01
7.849565887451171875e+01
7.826659393310546875e+01
7.804051971435546875e+01
7.781735229492187500e+01
7.759706878662109375e+01
7.737963867187500000e+01
7.716500854492187500e+01
7.695315551757812500e+01
7.674401855468750000e+01
7.653760528564453125e+01
7.633386993408203125e+01
7.613272857666015625e+01
7.593420410156250000e+01
7.573824310302734375e+01
7.554481506347656250e+01
7.535385894775390625e+01
7.516536712646484375e+01
7.497930908203125000e+01
7.479564666748046875e+01
7.461432647705078125e+01
7.443533325195312500e+01
7.425862121582031250e+01
7.408419036865234375e+01
7.391196441650390625e+01
7.374192047119140625e+01
7.357403564453125000e+01
7.340828704833984375e+01
7.324462890625000000e+01
7.308301544189453125e+01
7.292343902587890625e+01
7.276586151123046875e+01
7.261026000976562500e+01
7.245658111572265625e+01
7.230481719970703125e+01
7.215493774414062500e+01
7.200690460205078125e+01
7.186068725585937500e+01
7.171626281738281250e+01
7.157360076904296875e+01
7.143265533447265625e+01
7.129344940185546875e+01
7.115591430664062500e+01
7.102003479003906250e+01
7.088578033447265625e+01
7.075314331054687500e+01
7.062207794189453125e+01
7.049257659912109375e+01
7.036459350585937500e+01
7.023813629150390625e+01
7.011315155029296875e+01
6.998963165283203125e+01
6.986755371093750000e+01
6.974690246582031250e+01
6.962763214111328125e+01
6.950973510742187500e+01
6.939318847656250000e+01
6.927796936035156250e+01
6.916406250000000000e+01
6.905145263671875000e+01
6.894010162353515625e+01
6.883000946044921875e+01
6.872113800048828125e+01
6.861348724365234375e+01
6.850701904296875000e+01
6.840172576904296875e+01
6.829758453369140625e+01
6.819458007812500000e+01
6.809270477294921875e+01
6.799191284179687500e+01
6.789222717285156250e+01
6.779359436035156250e+01
6.769601440429687500e+01
6.759946441650390625e+01
6.750395202636718750e+01
6.740942382812500000e+01
6.731588745117187500e+01
6.722332000732421875e+01
6.713172149658203125e+01
6.704105377197265625e+01
6.695130920410156250e+01
6.686249542236328125e+01
6.677457427978515625e+01
6.668753051757812500e+01
6.660135650634765625e+01
6.651603698730468750e+01
6.643156433105468750e+01
6.634793090820312500e+01
6.626511383056640625e+01
6.618308258056640625e+01
6.610188293457031250e+01
6.602143096923828125e+01
6.594175720214843750e+01
6.586285400390625000e+01
6.578467559814453125e+01
6.570724487304687500e+01
6.563052368164062500e+01
6.555452728271484375e+01
6.547922515869140625e+01
6.540459442138671875e+01
6.533066558837890625e+01
6.525740051269531250e+01
6.518479919433593750e+01
6.511283874511718750e+01
6.504151153564453125e+01
6.497081756591796875e+01
6.490074920654296875e+01
6.483127593994140625e+01
6.476242065429687500e+01
6.469415283203125000e+01
6.462645721435546875e+01
6.455934143066406250e+01
6.449279022216796875e+01
6.442680358886718750e+01
6.436135101318359375e+01
6.429644012451171875e+01
6.423207092285156250e+01
6.416821289062500000e+01
6.410487365722656250e+01
6.404205322265625000e+01
6.397972106933593750e+01
6.391789627075195312e+01
6.385654449462890625e+01
6.379567718505859375e+01
6.373527526855468750e+01
6.367534255981445312e+01
6.361585998535156250e+01
6.355683517456054688e+01
6.349825668334960938e+01
6.344011688232421875e+01
6.338239669799804688e+01
6.332511520385742188e+01
6.326824569702148438e+01
6.321178436279296875e+01
6.315573120117187500e+01
6.310008239746093750e+01
6.304482269287109375e+01
6.298995590209960938e+01
6.293547058105468750e+01
6.288137054443359375e+01
6.282764053344726562e+01
6.277427291870117188e+01
6.272126770019531250e+01
6.266860198974609375e+01
6.261631011962890625e+01
6.256436538696289062e+01
6.251274490356445312e+01
6.246147918701171875e+01
6.241053009033203125e+01
6.235991287231445312e+01
6.230962753295898438e+01
6.225964736938476562e+01
6.220998764038085938e+01
6.216062545776367188e+01
6.211156845092773438e+01
6.206282424926757812e+01
6.201437377929687500e+01
6.196619415283203125e+01
6.191833496093750000e+01
6.187073516845703125e+01
6.182342147827148438e+01
6.177639007568359375e+01
6.172962951660156250e+01
6.168311309814453125e+01
6.163689422607421875e+01
6.159091949462890625e+01
6.154519653320312500e+01
6.149973678588867188e+01
6.145452880859375000e+01
6.140956497192382812e+01
6.136483383178710938e+01
6.132035446166992188e+01
6.127611923217773438e+01
6.123210144042968750e+01
6.118832778930664062e+01
6.114477539062500000e+01
6.110144042968750000e+01
6.105833053588867188e+01
6.101544570922851562e+01
6.097277832031250000e+01
6.093030548095703125e+01
6.088806533813476562e+01
6.084601593017578125e+01
6.080417251586914062e+01
6.076253128051757812e+01
6.072108840942382812e+01
6.067985916137695312e+01
6.063880157470703125e+01
6.059794616699218750e+01
6.055727005004882812e+01
6.051679611206054688e+01
6.047650146484375000e+01
6.043637084960937500e+01
6.039643859863281250e+01
6.035667419433593750e+01
6.031710052490234375e+01
6.027767944335937500e+01
6.023844909667968750e+01
6.019935989379882812e+01
6.016046142578125000e+01
6.012171554565429688e+01
6.008313369750976562e+01
6.004471588134765625e+01
6.000645446777343750e+01
5.996834182739257812e+01
5.993039321899414062e+01
5.989258956909179688e+01
5.985494995117187500e+01
5.981744384765625000e+01
5.978009033203125000e+01
5.974288558959960938e+01
5.970582580566406250e+01
5.966890335083007812e+01
5.963211059570312500e+01
5.959547805786132812e+01
5.955896759033203125e+01
5.952259445190429688e+01
5.948636627197265625e+01
5.945025634765625000e+01
5.941428756713867188e+01
5.937843322753906250e+01
5.934273529052734375e+01
5.930713272094726562e+01
5.927166748046875000e+01
5.923633956909179688e+01
5.920111465454101562e+01
5.916601943969726562e+01
5.913103485107421875e+01
5.909618377685546875e+01
5.906143951416015625e+01
5.902681350708007812e+01
5.899229431152343750e+01
5.895790863037109375e+01
5.892361831665039062e+01
5.888945007324218750e+01
5.885538101196289062e+01
5.882142257690429688e+01
5.878757476806640625e+01
5.875383758544921875e+01
5.872020339965820312e+01
5.868667602539062500e+01
5.865323638916015625e+01
5.861991500854492188e+01
5.858669281005859375e+01
5.855357360839843750e+01
5.852054595947265625e+01
5.848761367797851562e+01
5.845478820800781250e+01
5.842205429077148438e+01
5.838942337036132812e+01
5.835687637329101562e+01
5.832442855834960938e+01
5.829207992553710938e+01
5.825981140136718750e+01
5.822764205932617188e+01
5.819555664062500000e+01
5.816356658935546875e+01
5.813166809082031250e+01
5.809986114501953125e+01
5.806813812255859375e+01
5.803649520874023438e+01
5.800494003295898438e+01
5.797347259521484375e+01
5.794208526611328125e+01
5.791078186035156250e+01
5.787957382202148438e+01
5.784843063354492188e+01
5.781737899780273438e+01
5.778640747070312500e+01
5.775551605224609375e+01
5.772471618652343750e+01
5.769398117065429688e+01
5.766333007812500000e+01
5.763275146484375000e+01
5.760224914550781250e+01
5.757183074951171875e+01
5.754148864746093750e+01
5.751122283935546875e+01
5.748102569580078125e+01
5.745091629028320312e+01
5.742086029052734375e+01
5.739090728759765625e+01
5.736100387573242188e+01
5.733117294311523438e+01
5.730142974853515625e+01
5.727173995971679688e+01
5.724213790893554688e+01
5.721260070800781250e+01
5.718313217163085938e+01
5.715373229980468750e+01
5.712440872192382812e+01
5.709514617919921875e+01
5.706595230102539062e+01
5.703683471679687500e+01
5.700778961181640625e+01
5.697879409790039062e+01
5.694988250732421875e+01
5.692101669311523438e+01
5.689223861694335938e+01
5.686351776123046875e+01
5.683487319946289062e+01
5.680628204345703125e+01
5.677775573730468750e+01
5.674930191040039062e+01
5.672090911865234375e+01
5.669258499145507812e+01
5.666432571411132812e+01
5.663610839843750000e+01
5.660797882080078125e+01
5.657991409301757812e+01
5.655189132690429688e+01
5.652395248413085938e+01
5.649605560302734375e+01
5.646823501586914062e+01
5.644047164916992188e+01
5.641276931762695312e+01
5.638512802124023438e+01
5.635755538940429688e+01
5.633002853393554688e+01
5.630256652832031250e+01
5.627518081665039062e+01
5.624784088134765625e+01
5.622055435180664062e+01
5.619334411621093750e+01
5.616619110107421875e+01
5.613909530639648438e+01
5.611206054687500000e+01
5.608509826660156250e+01
5.605817031860351562e+01
5.603130340576171875e+01
5.600451278686523438e+01
5.597777557373046875e+01
5.595109939575195312e+01
5.592447280883789062e+01
5.589791107177734375e+01
5.587139892578125000e+01
5.584494781494140625e+01
5.581855773925781250e+01
5.579222106933593750e+01
5.576594924926757812e+01
5.573973464965820312e+01
5.571356964111328125e+01
5.568747329711914062e+01
5.566142272949218750e+01
5.563544082641601562e+01
5.560949325561523438e+01
5.558362197875976562e+01
5.555780029296875000e+01
5.553203201293945312e+01
5.550633239746093750e+01
5.548067474365234375e+01
5.545507812500000000e+01
5.542954254150390625e+01
5.540404891967773438e+01
5.537862014770507812e+01
5.535324859619140625e+01
5.532793426513671875e+01
5.530266571044921875e+01
5.527746200561523438e+01
5.525230789184570312e+01
5.522721481323242188e+01
5.520216369628906250e+01
5.517716979980468750e+01
5.515224075317382812e+01
5.512736129760742188e+01
5.510252380371093750e+01
5.507775497436523438e+01
5.505304718017578125e+01
5.502837371826171875e+01
5.500377273559570312e+01
5.497921371459960938e+01
5.495470809936523438e+01
5.493025970458984375e+01
5.490586853027343750e+01
5.488153457641601562e+01
5.485725021362304688e+01
5.483301162719726562e+01
5.480881881713867188e+01
5.478469848632812500e+01
5.476063537597656250e+01
5.473660659790039062e+01
5.471263885498046875e+01
5.468873596191406250e+01
5.466486740112304688e+01
5.464105224609375000e+01
5.461730194091796875e+01
5.459359741210937500e+01
5.456995010375976562e+01
5.454635620117187500e+01
5.452280426025390625e+01
5.449932479858398438e+01
5.447587966918945312e+01
5.445249176025390625e+01
5.442915725708007812e+01
5.440587615966796875e+01
5.438264083862304688e+01
5.435946273803710938e+01
5.433634567260742188e+01
5.431337738037109375e+01
5.429105758666992188e+01
5.426885986328125000e+01
5.424678421020507812e+01
5.422483825683593750e+01
5.420301818847656250e+01
5.418131637573242188e+01
5.415973281860351562e+01
5.413827514648437500e+01
5.411691665649414062e+01
5.409568023681640625e+01
5.407453155517578125e+01
5.405349731445312500e+01
5.403254699707031250e+01
5.401167678833007812e+01
5.399089813232421875e+01
5.397020339965820312e+01
5.394958114624023438e+01
5.392903900146484375e+01
5.390855407714843750e+01
5.388815307617187500e+01
5.386780548095703125e+01
5.384753036499023438e+01
5.382732009887695312e+01
5.380717086791992188e+01
5.378708648681640625e+01
5.376707077026367188e+01
5.374710845947265625e+01
5.372721099853515625e+01
5.370736694335937500e+01
5.368759536743164062e+01
5.366787719726562500e+01
5.364822387695312500e+01
5.362863159179687500e+01
5.360909652709960938e+01
5.358963012695312500e+01
5.357020187377929688e+01
5.355084609985351562e+01
5.353156280517578125e+01
5.351232147216796875e+01
5.349313735961914062e+01
5.347402191162109375e+01
5.345494842529296875e+01
5.343593978881835938e+01
5.341699218750000000e+01
5.339809417724609375e+01
5.337924957275390625e+01
5.336046218872070312e+01
5.334172821044921875e+01
5.332305526733398438e+01
5.330443572998046875e+01
5.328586196899414062e+01
5.326734161376953125e+01
5.324887466430664062e+01
5.323046112060546875e+01
5.321209335327148438e+01
5.319379043579101562e+01
5.317550659179687500e+01
5.315729904174804688e+01
5.313912963867187500e+01
5.312101745605468750e+01
5.310294723510742188e+01
5.308492660522460938e+01
5.306695175170898438e+01
5.304903793334960938e+01
5.303114700317382812e+01
5.301332092285156250e+01
5.299553298950195312e+01
5.297779083251953125e+01
5.296009826660156250e+01
5.294245147705078125e+01
5.292484664916992188e+01
5.290729141235351562e+01
5.288978195190429688e+01
5.287229919433593750e+01
5.285487365722656250e+01
5.283749771118164062e+01
5.282015228271484375e+01
5.280286026000976562e+01
5.278559494018554688e+01
5.276839447021484375e+01
5.275122070312500000e+01
5.273410034179687500e+01
5.271700668334960938e+01
5.269996261596679688e+01
5.268296051025390625e+01
5.266600418090820312e+01
5.264907455444335938e+01
5.263219833374023438e+01
5.261535644531250000e+01
5.259856033325195312e+01
5.258179473876953125e+01
5.256507492065429688e+01
5.254839324951171875e+01
5.253174591064453125e+01
5.251514816284179688e+01
5.249858093261718750e+01
5.248205184936523438e+01
5.246556472778320312e+01
5.244910812377929688e+01
5.243270111083984375e+01
5.241632461547851562e+01
5.239998245239257812e+01
5.238368225097656250e+01
5.236742019653320312e+01
5.235118865966796875e+01
5.233500671386718750e+01
5.231884384155273438e+01
5.230273056030273438e+01
5.228664779663085938e+01
5.227060317993164062e+01
5.225458145141601562e+01
5.223862075805664062e+01
5.222267532348632812e+01
5.220677185058593750e+01
5.219090652465820312e+01
5.217507553100585938e+01
5.215927505493164062e+01
5.214350128173828125e+01
5.212778472900390625e+01
5.211207199096679688e+01
5.209642028808593750e+01
5.208078765869140625e+01
5.206520080566406250e+01
5.204963302612304688e+01
5.203409957885742188e+01
5.201861190795898438e+01
5.200315093994140625e+01
5.198772048950195312e+01
5.197233200073242188e+01
5.195697021484375000e+01
5.194163513183593750e+01
5.192634582519531250e+01
5.191107559204101562e+01
5.189583587646484375e+01
5.188064575195312500e+01
5.186546325683593750e+01
5.185033035278320312e+01
5.183522796630859375e+01
5.182014846801757812e+01
5.180511093139648438e+01
5.179009628295898438e+01
5.177511978149414062e+01
5.176017379760742188e+01
5.174524688720703125e+01
5.173036956787109375e+01
5.171551132202148438e+01
5.170068740844726562e+01
5.168589401245117188e+01
5.167112350463867188e+01
5.165639495849609375e+01
5.164169311523437500e+01
5.162701416015625000e+01
5.161237335205078125e+01
5.159775543212890625e+01
5.158316421508789062e+01
5.156862258911132812e+01
5.155408477783203125e+01
5.153959274291992188e+01
5.152513122558593750e+01
5.151068878173828125e+01
5.149627304077148438e+01
5.148191452026367188e+01
5.146762084960937500e+01
5.145335388183593750e+01
5.143913269042968750e+01
5.142493057250976562e+01
5.141078567504882812e+01
5.139666748046875000e+01
5.138258361816406250e+01
5.136854171752929688e+01
5.135453796386718750e+01
5.134057235717773438e+01
5.132663726806640625e+01
5.131274032592773438e+01
5.129888534545898438e+01
5.128505706787109375e+01
5.127127075195312500e+01
5.125751495361328125e+01
5.124378967285156250e+01
5.123011779785156250e+01
5.121646881103515625e+01
5.120286178588867188e+01
5.118927383422851562e+01
5.117572402954101562e+01
5.116222763061523438e+01
5.114874267578125000e+01
5.113529968261718750e+01
5.112188339233398438e+01
5.110850143432617188e+01
5.109515762329101562e+01
5.108184051513671875e+01
5.106855392456054688e+01
5.105530548095703125e+01
5.104207992553710938e+01
5.102889633178710938e+01
5.101573562622070312e+01
5.100262069702148438e+01
5.098952102661132812e+01
5.097645568847656250e+01
5.096342468261718750e+01
5.095041656494140625e+01
5.093743896484375000e+01
5.092449569702148438e+01
5.091158676147460938e+01
5.089870452880859375e+01
5.088584899902343750e+01
5.087301635742187500e+01
5.086021804809570312e+01
5.084746170043945312e+01
5.083471679687500000e+01
5.082200622558593750e+01
5.080932617187500000e+01
5.079666900634765625e+01
5.078405380249023438e+01
5.077145767211914062e+01
5.075887298583984375e+01
5.074634170532226562e+01
5.073382568359375000e+01
5.072134780883789062e+01
5.070888519287109375e+01
5.069645309448242188e+01
5.068404388427734375e+01
5.067167282104492188e+01
5.065933227539062500e+01
5.064700698852539062e+01
5.063470458984375000e+01
5.062244415283203125e+01
5.061019897460937500e+01
5.059798812866210938e+01
5.058580017089843750e+01
5.057363891601562500e+01
5.056149673461914062e+01
5.054937744140625000e+01
5.053730010986328125e+01
5.052524566650390625e+01
5.051319885253906250e+01
5.050119400024414062e+01
5.048921203613281250e+01
5.047726058959960938e+01
5.046533203125000000e+01
5.045342254638671875e+01
5.044153594970703125e+01
5.042967987060546875e+01
5.041785430908203125e+01
5.040604400634765625e+01
5.039425659179687500e+01
5.038249969482421875e+01
5.037075805664062500e+01
5.035906219482421875e+01
5.034736633300781250e+01
5.033570098876953125e+01
5.032406997680664062e+01
5.031245422363281250e+01
5.030087280273437500e+01
5.028930664062500000e+01
5.027775573730468750e+01
5.026624298095703125e+01
5.025475311279296875e+01
5.024327087402343750e+01
5.023182678222656250e+01
5.022040939331054688e+01
5.020900344848632812e+01
5.019762802124023438e+01
5.018627166748046875e+01
5.017494201660156250e+01
5.016362762451171875e+01
5.015235137939453125e+01
5.014107513427734375e+01
5.012983322143554688e+01
5.011860656738281250e+01
5.010741424560546875e+01
5.009623718261718750e+01
5.008508300781250000e+01
5.007395553588867188e+01
5.006283950805664062e+01
5.005176162719726562e+01
5.004069519042968750e+01
5.002965164184570312e+01
5.001862335205078125e+01
5.000762557983398438e+01
4.999664688110351562e+01
4.998570251464843750e+01
4.997476196289062500e+01
4.996385192871093750e+01
4.995294189453125000e+01
4.994208526611328125e+01
4.993122100830078125e+01
4.992040634155273438e+01
4.990959930419921875e+01
4.989880752563476562e+01
4.988803100585937500e+01
4.987729263305664062e+01
4.986656951904296875e+01
4.985586929321289062e+01
4.984518051147460938e+01
4.983452606201171875e+01
4.982387161254882812e+01
4.981325149536132812e+01
4.980264282226562500e+01
4.979206848144531250e+01
4.978151321411132812e+01
4.977096557617187500e+01
4.976043701171875000e+01
4.974994659423828125e+01
4.973945999145507812e+01
4.972900009155273438e+01
4.971856307983398438e+01
4.970813751220703125e+01
4.969772720336914062e+01
4.968735122680664062e+01
4.967698287963867188e+01
4.966664123535156250e+01
4.965631866455078125e+01
4.964601135253906250e+01
4.963572311401367188e+01
4.962546157836914062e+01
4.961520767211914062e+01
4.960498046875000000e+01
4.959477233886718750e+01
4.958458709716796875e+01
4.957440567016601562e+01
4.956425857543945312e+01
4.955412292480468750e+01
4.954401779174804688e+01
4.953392028808593750e+01
4.952383804321289062e+01
4.951377868652343750e+01
4.950373458862304688e+01
4.949371337890625000e+01
4.948371887207031250e+01
4.947372436523437500e+01
4.946376037597656250e+01
4.945381164550781250e+01
4.944387817382812500e+01
4.943395996093750000e+01
4.942408370971679688e+01
4.941420745849609375e+01
4.940435791015625000e+01
4.939452362060546875e+01
4.938472747802734375e+01
4.937493515014648438e+01
4.936518859863281250e+01
4.935544967651367188e+01
4.934573745727539062e+01
4.933605194091796875e+01
4.932638168334960938e+01
4.931673812866210938e+01
4.930711746215820312e+01
4.929752349853515625e+01
4.928794860839843750e+01
4.927839660644531250e+01
4.926885986328125000e+01
4.925934600830078125e+01
4.924986267089843750e+01
4.924039840698242188e+01
4.923094177246093750e+01
4.922151565551757812e+01
4.921211624145507812e+01
4.920272827148437500e+01
4.919336318969726562e+01
4.918401718139648438e+01
4.917469024658203125e+01
4.916538238525390625e+01
4.915608978271484375e+01
4.914682388305664062e+01
4.913757324218750000e+01
4.912833786010742188e+01
4.911912536621093750e+01
4.910992431640625000e+01
4.910074996948242188e+01
4.909158325195312500e+01
4.908243560791015625e+01
4.907330322265625000e+01
4.906421279907226562e+01
4.905511093139648438e+01
4.904603576660156250e+01
4.903697204589843750e+01
4.902793884277343750e+01
4.901889801025390625e+01
4.900990295410156250e+01
4.900091171264648438e+01
4.899193191528320312e+01
4.898297119140625000e+01
4.897402954101562500e+01
4.896510314941406250e+01
4.895619201660156250e+01
4.894729232788085938e+01
4.893841552734375000e+01
4.892954635620117188e+01
4.892070007324218750e+01
4.891186904907226562e+01
4.890305328369140625e+01
4.889425277709960938e+01
4.888545989990234375e+01
4.887668991088867188e+01
4.886793518066406250e+01
4.885919189453125000e+01
4.885046768188476562e+01
4.884176254272460938e+01
4.883306121826171875e+01
4.882438278198242188e+01
4.881571578979492188e+01
4.880706405639648438e+01
4.879844284057617188e+01
4.878981781005859375e+01
4.878120803833007812e+01
4.877262115478515625e+01
4.876403808593750000e+01
4.875547790527343750e+01
4.874693679809570312e+01
4.873839950561523438e+01
4.872989273071289062e+01
4.872138595581054688e+01
4.871289062500000000e+01
4.870441818237304688e+01
4.869596481323242188e+01
4.868751907348632812e+01
4.867908477783203125e+01
4.867067337036132812e+01
4.866226577758789062e+01
4.865387725830078125e+01
4.864550399780273438e+01
4.863714599609375000e+01
4.862880706787109375e+01
4.862047195434570312e+01
4.861215591430664062e+01
4.860385131835937500e+01
4.859556198120117188e+01
4.858728790283203125e+01
4.857903671264648438e+01
4.857077789306640625e+01
4.856254959106445312e+01
4.855431747436523438e+01
4.854612350463867188e+01
4.853794097900390625e+01
4.852976226806640625e+01
4.852159118652343750e+01
4.851343917846679688e+01
4.850529861450195312e+01
4.849718475341796875e+01
4.848907470703125000e+01
4.848097229003906250e+01
4.847289276123046875e+01
4.846482467651367188e+01
4.845676803588867188e+01
4.844873046875000000e+01
4.844070053100585938e+01
4.843268966674804688e+01
4.842467880249023438e+01
4.841669464111328125e+01
4.840871810913085938e+01
4.840076446533203125e+01
4.839281463623046875e+01
4.838487625122070312e+01
4.837695312500000000e+01
4.836904144287109375e+01
4.836114501953125000e+01
4.835326385498046875e+01
4.834539413452148438e+01
4.833753967285156250e+01
4.832969665527343750e+01
4.832186126708984375e+01
4.831404876708984375e+01
4.830623626708984375e+01
4.829845046997070312e+01
4.829066467285156250e+01
4.828290176391601562e+01
4.827514648437500000e+01
4.826741027832031250e+01
4.825968170166015625e+01
4.825196456909179688e+01
4.824426651000976562e+01
4.823657608032226562e+01
4.822890090942382812e+01
4.822123336791992188e+01
4.821357727050781250e+01
4.820594024658203125e+01
4.819831848144531250e+01
4.819069290161132812e+01
4.818309402465820312e+01
4.817550659179687500e+01
4.816792678833007812e+01
4.816036987304687500e+01
4.815281295776367188e+01
4.814527130126953125e+01
4.813774871826171875e+01
4.813022994995117188e+01
4.812273025512695312e+01
4.811523818969726562e+01
4.810775375366210938e+01
4.810029220581054688e+01
4.809283065795898438e+01
4.808538818359375000e+01
4.807796096801757812e+01
4.807054138183593750e+01
4.806313323974609375e+01
4.805574798583984375e+01
4.804836273193359375e+01
4.804099655151367188e+01
