1.998555273437500000e+04
1.839394921875000000e+04
1.682704687500000000e+04
1.530419824218750000e+04
1.382538281250000000e+04
1.293557031250000000e+04
1.258777929687500000e+04
1.237220898437500000e+04
1.217680273437500000e+04
1.198516113281250000e+04
1.179707324218750000e+04
1.161239746093750000e+04
1.143101855468750000e+04
1.125284277343750000e+04
1.107780078125000000e+04
1.090583105468750000e+04
1.073687500000000000e+04
1.057088671875000000e+04
1.040781933593750000e+04
1.024762890625000000e+04
1.009027539062500000e+04
9.935716796875000000e+03
9.783916992187500000e+03
9.634834960937500000e+03
9.488430664062500000e+03
9.344668945312500000e+03
9.203505859375000000e+03
9.064905273437500000e+03
8.928827148437500000e+03
8.795233398437500000e+03
8.664080078125000000e+03
8.535330078125000000e+03
8.408944335937500000e+03
8.284877929687500000e+03
8.163098144531250000e+03
8.043556640625000000e+03
7.926216796875000000e+03
7.811037597656250000e+03
7.697980957031250000e+03
7.587002929687500000e+03
7.478069335937500000e+03
7.371137695312500000e+03
7.266166503906250000e+03
7.163120605468750000e+03
7.061959960937500000e+03
6.962645996093750000e+03
6.865143554687500000e+03
6.769414062500000000e+03
6.675420898437500000e+03
6.583128906250000000e+03
6.492502929687500000e+03
6.403504394531250000e+03
6.316104003906250000e+03
6.230263671875000000e+03
6.145953613281250000e+03
6.063139160156250000e+03
5.981790527343750000e+03
5.901873046875000000e+03
5.823358886718750000e+03
5.746216308593750000e+03
5.670416015625000000e+03
5.595928710937500000e+03
5.522726562500000000e+03
5.450783691406250000e+03
5.380068847656250000e+03
5.310556152343750000e+03
5.242221679687500000e+03
5.175039550781250000e+03
5.108982910156250000e+03
5.044029785156250000e+03
4.980154785156250000e+03
4.917333984375000000e+03
4.855546386718750000e+03
4.794766601562500000e+03
4.734974609375000000e+03
4.676149414062500000e+03
4.618268554687500000e+03
4.561312500000000000e+03
4.505258789062500000e+03
4.450089355468750000e+03
4.395783691406250000e+03
4.342322753906250000e+03
4.289687500000000000e+03
4.237857910156250000e+03
4.186815917968750000e+03
4.136541992187500000e+03
4.087017578125000000e+03
4.038223388671875000e+03
3.990140625000000000e+03
3.942747802734375000e+03
3.896901855468750000e+03
3.852306884765625000e+03
3.808381835937500000e+03
3.765112060546875000e+03
3.722483398437500000e+03
3.680482421875000000e+03
3.639096435546875000e+03
3.598313476562500000e+03
3.558120605468750000e+03
3.518506103515625000e+03
3.479458251953125000e+03
3.440966308593750000e+03
3.403020019531250000e+03
3.365607666015625000e+03
3.328718750000000000e+03
3.292344726562500000e+03
3.256474609375000000e+03
3.221099609375000000e+03
3.186209960937500000e+03
3.151796875000000000e+03
3.117851806640625000e+03
3.084366455078125000e+03
3.051331054687500000e+03
3.018738037109375000e+03
2.986579833984375000e+03
2.954849365234375000e+03
2.923537109375000000e+03
2.892636962890625000e+03
2.862141601562500000e+03
2.832043212890625000e+03
2.802335449218750000e+03
2.773011474609375000e+03
2.744064697265625000e+03
2.715488037109375000e+03
2.687275878906250000e+03
2.659421875000000000e+03
2.631919433593750000e+03
2.604763427734375000e+03
2.577946777343750000e+03
2.551466552734375000e+03
2.525313720703125000e+03
2.499484375000000000e+03
2.473973876953125000e+03
2.448776123046875000e+03
2.423886474609375000e+03
2.399300048828125000e+03
2.375010742187500000e+03
2.351015869140625000e+03
2.327308593750000000e+03
2.303886230468750000e+03
2.280742675781250000e+03
2.257874755859375000e+03
2.235277587890625000e+03
2.212946289062500000e+03
2.190877929687500000e+03
2.169068115234375000e+03
2.147512207031250000e+03
2.126206542968750000e+03
2.105147460937500000e+03
2.084331054687500000e+03
2.063753417968750000e+03
2.043411865234375000e+03
2.023301513671875000e+03
2.003419189453125000e+03
1.983762329101562500e+03
1.964326171875000000e+03
1.945108642578125000e+03
1.926105957031250000e+03
1.907314941406250000e+03
1.888732666015625000e+03
1.870355468750000000e+03
1.852181030273437500e+03
1.834206176757812500e+03
1.816427734375000000e+03
1.798843261718750000e+03
1.781449707031250000e+03
1.764244018554687500e+03
1.747223999023437500e+03
1.730386718750000000e+03
1.713729736328125000e+03
1.697250000000000000e+03
1.680945678710937500e+03
1.664813842773437500e+03
1.648851928710937500e+03
1.633057861328125000e+03
1.617428955078125000e+03
1.601963256835937500e+03
1.586658203125000000e+03
1.571511840820312500e+03
1.556521606445312500e+03
1.541685424804687500e+03
1.527001342773437500e+03
1.512467041015625000e+03
1.498080810546875000e+03
1.483839965820312500e+03
1.469743286132812500e+03
1.455788330078125000e+03
1.441973388671875000e+03
1.428296508789062500e+03
1.414755859375000000e+03
1.401349365234375000e+03
1.388075561523437500e+03
1.374932373046875000e+03
1.361918334960937500e+03
1.349031616210937500e+03
1.336270263671875000e+03
1.323633178710937500e+03
1.311118164062500000e+03
1.298724365234375000e+03
1.286449340820312500e+03
1.274291870117187500e+03
1.262250610351562500e+03
1.250324096679687500e+03
1.238510498046875000e+03
1.226808593750000000e+03
1.215216918945312500e+03
1.203734130859375000e+03
1.192358398437500000e+03
1.181089355468750000e+03
1.169924682617187500e+03
1.158863525390625000e+03
1.147904541015625000e+03
1.137046508789062500e+03
1.126288208007812500e+03
1.115628295898437500e+03
1.105065429687500000e+03
1.094598388671875000e+03
1.084226440429687500e+03
1.073948242187500000e+03
1.063762817382812500e+03
1.053668579101562500e+03
1.043664550781250000e+03
1.033750244140625000e+03
1.023923828125000000e+03
1.014184814453125000e+03
1.004531860351562500e+03
9.949641723632812500e+02
9.854806518554687500e+02
9.760804443359375000e+02
9.667625122070312500e+02
9.575258789062500000e+02
9.483698730468750000e+02
9.392933349609375000e+02
9.302952880859375000e+02
9.213751831054687500e+02
9.125319213867187500e+02
9.037647705078125000e+02
8.950728759765625000e+02
8.864555053710937500e+02
8.779116821289062500e+02
8.694409179687500000e+02
8.610423583984375000e+02
8.527152099609375000e+02
8.444586791992187500e+02
8.362722778320312500e+02
8.281553955078125000e+02
8.201071166992187500e+02
8.121269531250000000e+02
8.042139892578125000e+02
7.963681640625000000e+02
7.885882568359375000e+02
7.808739624023437500e+02
7.732245483398437500e+02
7.656397705078125000e+02
7.581187133789062500e+02
7.506609497070312500e+02
7.432658691406250000e+02
7.359332275390625000e+02
7.286623535156250000e+02
7.214527587890625000e+02
7.143039550781250000e+02
7.072152099609375000e+02
7.001865234375000000e+02
6.932172241210937500e+02
6.863070068359375000e+02
6.794552001953125000e+02
6.726618041992187500e+02
6.659261474609375000e+02
6.592479248046875000e+02
6.526266479492187500e+02
6.460620117187500000e+02
6.395533447265625000e+02
6.331003417968750000e+02
6.267029418945312500e+02
6.203604125976562500e+02
6.140725097656250000e+02
6.078391723632812500e+02
6.016597900390625000e+02
5.955343017578125000e+02
5.894622192382812500e+02
5.834435424804687500e+02
5.774779663085937500e+02
5.715651245117187500e+02
5.657049560546875000e+02
5.598972167968750000e+02
5.541417846679687500e+02
5.484385375976562500e+02
5.427874755859375000e+02
5.371882324218750000e+02
5.316408691406250000e+02
5.261453247070312500e+02
5.207015380859375000e+02
5.153095092773437500e+02
5.099691162109375000e+02
5.046806640625000000e+02
4.994439086914062500e+02
4.942590026855468750e+02
4.891260681152343750e+02
4.840451049804687500e+02
4.790166015625000000e+02
4.740403442382812500e+02
4.691165466308593750e+02
4.642455139160156250e+02
4.594274597167968750e+02
4.546626892089843750e+02
4.499513549804687500e+02
4.452938537597656250e+02
4.406905517578125000e+02
4.361417236328125000e+02
4.316478271484375000e+02
4.272091369628906250e+02
4.228263244628906250e+02
4.184997253417968750e+02
4.142298889160156250e+02
4.100171813964843750e+02
4.058623657226562500e+02
4.017659606933593750e+02
3.977285766601562500e+02
3.937509765625000000e+02
3.898337097167968750e+02
3.859775085449218750e+02
3.821831665039062500e+02
3.784515075683593750e+02
3.747832641601562500e+02
3.711792907714843750e+02
3.676404418945312500e+02
3.641677856445312500e+02
3.607620544433593750e+02
3.574243774414062500e+02
3.541557006835937500e+02
3.509569396972656250e+02
3.478293457031250000e+02
3.447738037109375000e+02
3.417916259765625000e+02
3.388837280273437500e+02
3.360514221191406250e+02
3.332957458496093750e+02
3.306179809570312500e+02
3.280191955566406250e+02
3.255005493164062500e+02
3.237561035156250000e+02
3.235625305175781250e+02
3.233703918457031250e+02
3.231795959472656250e+02
3.229901123046875000e+02
3.228019409179687500e+02
3.226150512695312500e+02
3.224294128417968750e+02
3.222451171875000000e+02
3.220619812011718750e+02
3.218801574707031250e+02
3.216994934082031250e+02
3.215199890136718750e+02
3.213417358398437500e+02
3.211646423339843750e+02
3.209887695312500000e+02
3.208138427734375000e+02
3.206401977539062500e+02
3.204675292968750000e+02
3.202960205078125000e+02
3.201255798339843750e+02
3.199562072753906250e+02
3.197878417968750000e+02
3.196205749511718750e+02
3.194544677734375000e+02
3.192891540527343750e+02
3.191248779296875000e+02
3.189616088867187500e+02
3.187994079589843750e+02
3.186380920410156250e+02
3.184778747558593750e+02
3.183185119628906250e+02
3.181601562500000000e+02
3.180027465820312500e+02
3.178462829589843750e+02
3.176907043457031250e+02
3.175361022949218750e+02
3.173824157714843750e+02
3.172296142578125000e+02
3.170776672363281250e+02
3.169266967773437500e+02
3.167766113281250000e+02
3.166274414062500000e+02
3.164791870117187500e+02
3.163317565917968750e+02
3.161852111816406250e+02
3.160395202636718750e+02
3.158947753906250000e+02
3.157508850097656250e+02
3.156077880859375000e+02
3.154656372070312500e+02
3.153243408203125000e+02
3.151838684082031250e+02
3.150442199707031250e+02
3.149054260253906250e+02
3.147676086425781250e+02
3.146305541992187500e+02
3.144943542480468750e+02
3.143589172363281250e+02
3.142244567871093750e+02
3.140907287597656250e+02
3.139578857421875000e+02
3.138258666992187500e+02
3.136946716308593750e+02
3.135643920898437500e+02
3.134348449707031250e+02
3.133061523437500000e+02
3.131783142089843750e+02
3.130513000488281250e+02
3.129250793457031250e+02
3.127996826171875000e+02
3.126751708984375000e+02
3.125514526367187500e+02
3.124285888671875000e+02
3.123064575195312500e+02
3.121851501464843750e+02
3.120647277832031250e+02
3.119450683593750000e+02
3.118262634277343750e+02
3.117082519531250000e+02
3.115910034179687500e+02
3.114746093750000000e+02
3.113590087890625000e+02
3.112441711425781250e+02
3.111302185058593750e+02
3.110170288085937500e+02
3.109046936035156250e+02
3.107929687500000000e+02
3.106822204589843750e+02
3.105721740722656250e+02
3.104629516601562500e+02
3.103544616699218750e+02
3.102468261718750000e+02
3.101399230957031250e+02
3.100338439941406250e+02
3.099284973144531250e+02
3.098239135742187500e+02
3.097200927734375000e+02
3.096170959472656250e+02
3.095148315429687500e+02
3.094132995605468750e+02
3.093126220703125000e+02
3.092125549316406250e+02
3.091133117675781250e+02
3.090147705078125000e+02
3.089170532226562500e+02
3.088199462890625000e+02
3.087236633300781250e+02
3.086280822753906250e+02
3.085332946777343750e+02
3.084391174316406250e+02
3.083457031250000000e+02
3.082530212402343750e+02
3.081609802246093750e+02
3.080697326660156250e+02
3.079791259765625000e+02
3.078891601562500000e+02
3.078000183105468750e+02
3.077113952636718750e+02
3.076235351562500000e+02
3.075363464355468750e+02
3.074498596191406250e+02
3.073639831542968750e+02
3.072787780761718750e+02
3.071942138671875000e+02
3.071102600097656250e+02
3.070269470214843750e+02
3.069443664550781250e+02
3.068623046875000000e+02
3.067808837890625000e+02
3.067000732421875000e+02
3.066199340820312500e+02
3.065403442382812500e+02
3.064613342285156250e+02
3.063829650878906250e+02
3.063051452636718750e+02
3.062279052734375000e+02
3.061511840820312500e+02
3.060750732421875000e+02
3.059996032714843750e+02
3.059246215820312500e+02
3.058501281738281250e+02
3.057762451171875000e+02
3.057028198242187500e+02
3.056299743652343750e+02
3.055576171875000000e+02
3.054857788085937500e+02
3.054144897460937500e+02
3.053436584472656250e+02
3.052733764648437500e+02
3.052035827636718750e+02
3.051342163085937500e+02
3.050652465820312500e+02
3.049968872070312500e+02
3.049289550781250000e+02
3.048614501953125000e+02
3.047944641113281250e+02
3.047278442382812500e+02
3.046616821289062500e+02
3.045959472656250000e+02
3.045306701660156250e+02
3.044657592773437500e+02
3.044012451171875000e+02
3.043371887207031250e+02
3.042735595703125000e+02
3.042102661132812500e+02
3.041473388671875000e+02
3.040849304199218750e+02
3.040227355957031250e+02
3.039609375000000000e+02
3.038995666503906250e+02
3.038385009765625000e+02
3.037778015136718750e+02
3.037175292968750000e+02
3.036574707031250000e+02
3.035977783203125000e+02
3.035385437011718750e+02
3.034795532226562500e+02
3.034208068847656250e+02
3.033624877929687500e+02
3.033043823242187500e+02
3.032466735839843750e+02
3.031892089843750000e+02
3.031320495605468750e+02
3.030752258300781250e+02
3.030186157226562500e+02
3.029623413085937500e+02
3.029063415527343750e+02
3.028505554199218750e+02
3.027950744628906250e+02
3.027398681640625000e+02
3.026849365234375000e+02
3.026302185058593750e+02
3.025758056640625000e+02
3.025216064453125000e+02
3.024676208496093750e+02
3.024139404296875000e+02
3.023604431152343750e+02
3.023071289062500000e+02
3.022541503906250000e+02
3.022013854980468750e+02
3.021488037109375000e+02
3.020964050292968750e+02
3.020443115234375000e+02
3.019924011230468750e+02
3.019406433105468750e+02
3.018891601562500000e+02
3.018377685546875000e+02
3.017867126464843750e+02
3.017357482910156250e+02
3.016850585937500000e+02
3.016345214843750000e+02
3.015841369628906250e+02
3.015339355468750000e+02
3.014839782714843750e+02
3.014341125488281250e+02
3.013844909667968750e+02
3.013350830078125000e+02
3.012856445312500000e+02
3.012366638183593750e+02
3.011876220703125000e+02
3.011388854980468750e+02
3.010902099609375000e+02
3.010416870117187500e+02
3.009934082031250000e+02
3.009452819824218750e+02
3.008972473144531250e+02
3.008493957519531250e+02
3.008016052246093750e+02
3.007540588378906250e+02
3.007066345214843750e+02
3.006593322753906250e+02
3.006121215820312500e+02
3.005651245117187500e+02
3.005182495117187500e+02
3.004715576171875000e+02
3.004249267578125000e+02
3.003784790039062500e+02
3.003320922851562500e+02
3.002858886718750000e+02
3.002398071289062500e+02
3.001938476562500000e+02
3.001480102539062500e+02
3.001022949218750000e+02
3.000566406250000000e+02
3.000111694335937500e+02
2.999658813476562500e+02
2.999205627441406250e+02
2.998754577636718750e+02
2.998304443359375000e+02
2.997854309082031250e+02
2.997407226562500000e+02
2.996959838867187500e+02
2.996513977050781250e+02
2.996069030761718750e+02
2.995625610351562500e+02
2.995182800292968750e+02
2.994740600585937500e+02
2.994300537109375000e+02
2.993860473632812500e+02
2.993422241210937500e+02
2.992984924316406250e+02
2.992547607421875000e+02
2.992112121582031250e+02
2.991677246093750000e+02
2.991243591308593750e+02
2.990810852050781250e+02
2.990378723144531250e+02
2.989947204589843750e+02
2.989517822265625000e+02
2.989088134765625000e+02
2.988659667968750000e+02
2.988232421875000000e+02
2.987806091308593750e+02
2.987380065917968750e+02
2.986954650878906250e+02
2.986530761718750000e+02
2.986107482910156250e+02
2.985685424804687500e+02
2.985262756347656250e+02
2.984841918945312500e+02
2.984422302246093750e+02
2.984003295898437500e+02
2.983584899902343750e+02
2.983166809082031250e+02
2.982748718261718750e+02
2.982333374023437500e+02
2.981918029785156250e+02
2.981503295898437500e+02
2.981089172363281250e+02
2.980675964355468750e+02
2.980262451171875000e+02
2.979850769042968750e+02
2.979440002441406250e+02
2.979029846191406250e+02
2.978620300292968750e+02
2.978210449218750000e+02
2.977801818847656250e+02
2.977394714355468750e+02
2.976987609863281250e+02
2.976580505371093750e+02
2.976175231933593750e+02
2.975770263671875000e+02
2.975365295410156250e+02
2.974961547851562500e+02
2.974558410644531250e+02
2.974155578613281250e+02
2.973753662109375000e+02
2.973352355957031250e+02
2.972951354980468750e+02
2.972551269531250000e+02
2.972151489257812500e+02
2.971752319335937500e+02
2.971354370117187500e+02
2.970955505371093750e+02
2.970558471679687500e+02
2.970162658691406250e+02
2.969766235351562500e+02
2.969370727539062500e+02
2.968975219726562500e+02
2.968580932617187500e+02
2.968186035156250000e+02
2.967793273925781250e+02
2.967400207519531250e+02
2.967007751464843750e+02
2.966615905761718750e+02
2.966224670410156250e+02
2.965833435058593750e+02
2.965443420410156250e+02
2.965053100585937500e+02
2.964664001464843750e+02
2.964275512695312500e+02
2.963886413574218750e+02
2.963498840332031250e+02
2.963111267089843750e+02
2.962723999023437500e+02
2.962338256835937500e+02
2.961951904296875000e+02
2.961566772460937500e+02
2.961181335449218750e+02
2.960796508789062500e+02
2.960412292480468750e+02
2.960029296875000000e+02
2.959645385742187500e+02
2.959262390136718750e+02
2.958880310058593750e+02
2.958498229980468750e+02
2.958116455078125000e+02
2.957735290527343750e+02
2.957355041503906250e+02
2.956974792480468750e+02
2.956594238281250000e+02
2.956214904785156250e+02
2.955835876464843750e+02
2.955456848144531250e+02
2.955078430175781250e+02
2.954701232910156250e+02
2.954323730468750000e+02
2.953946533203125000e+02
2.953569641113281250e+02
2.953193969726562500e+02
2.952817993164062500e+02
2.952442626953125000e+02
2.952067260742187500e+02
2.951692199707031250e+02
2.951318054199218750e+02
2.950944519042968750e+02
2.950570068359375000e+02
2.950197143554687500e+02
2.949823913574218750e+02
2.949451293945312500e+02
2.949079589843750000e+02
2.948707885742187500e+02
2.948336181640625000e+02
2.947964172363281250e+02
2.947594299316406250e+02
2.947224121093750000e+02
2.946853637695312500e+02
2.946483459472656250e+02
2.946113586425781250e+02
2.945744934082031250e+02
2.945375976562500000e+02
2.945007629394531250e+02
2.944639587402343750e+02
2.944272155761718750e+02
2.943904418945312500e+02
2.943537292480468750e+02
2.943170166015625000e+02
2.942803649902343750e+02
2.942437744140625000e+02
2.942071533203125000e+02
2.941706237792968750e+02
2.941341552734375000e+02
2.940975646972656250e+02
2.940611877441406250e+02
2.940247192382812500e+02
2.939882812500000000e+02
2.939518737792968750e+02
2.939154968261718750e+02
2.938792419433593750e+02
2.938429870605468750e+02
2.938066711425781250e+02
2.937704772949218750e+02
2.937341918945312500e+02
2.936980285644531250e+02
2.936619262695312500e+02
2.936257934570312500e+02
2.935897521972656250e+02
2.935536804199218750e+02
2.935175476074218750e+02
2.934816589355468750e+02
2.934456481933593750e+02
2.934097290039062500e+02
2.933737792968750000e+02
2.933378906250000000e+02
2.933019409179687500e+02
2.932662353515625000e+02
2.932303161621093750e+02
2.931945800781250000e+02
2.931587219238281250e+02
2.931229858398437500e+02
2.930872802734375000e+02
2.930516662597656250e+02
2.930160217285156250e+02
2.929803466796875000e+02
2.929447326660156250e+02
2.929091796875000000e+02
2.928735961914062500e+02
2.928380737304687500e+02
2.928025207519531250e+02
2.927670288085937500e+02
2.927315673828125000e+02
2.926961364746093750e+02
2.926607360839843750e+02
2.926253356933593750e+02
2.925900268554687500e+02
2.925546569824218750e+02
2.925193481445312500e+02
2.924840393066406250e+02
2.924487304687500000e+02
2.924135131835937500e+02
2.923782958984375000e+02
2.923431091308593750e+02
2.923079833984375000e+02
2.922727966308593750e+02
2.922376403808593750e+02
2.922025451660156250e+02
2.921675109863281250e+02
2.921324768066406250e+02
2.920973815917968750e+02
2.920623474121093750e+02
2.920273742675781250e+02
2.919924011230468750e+02
2.919574584960937500e+02
2.919225769042968750e+02
2.918876342773437500e+02
2.918527832031250000e+02
2.918178710937500000e+02
2.917830505371093750e+02
2.917482604980468750e+02
2.917134704589843750e+02
2.916786804199218750e+02
2.916439514160156250e+02
2.916091918945312500e+02
2.915744628906250000e+02
2.915397949218750000e+02
2.915051269531250000e+02
2.914704895019531250e+02
2.914359436035156250e+02
2.914012756347656250e+02
2.913667297363281250e+02
2.913320922851562500e+02
2.912976684570312500e+02
2.912630615234375000e+02
2.912286376953125000e+02
2.911941223144531250e+02
2.911596679687500000e+02
2.911251831054687500e+02
2.910908203125000000e+02
2.910563964843750000e+02
2.910220947265625000e+02
2.909877014160156250e+02
2.909533386230468750e+02
2.909190673828125000e+02
2.908847961425781250e+02
2.908505554199218750e+02
2.908161926269531250e+02
2.907820434570312500e+02
2.907477416992187500e+02
2.907135925292968750e+02
2.906793823242187500e+02
2.906452941894531250e+02
2.906111755371093750e+02
2.905770263671875000e+02
2.905429077148437500e+02
2.905088806152343750e+02
2.904748229980468750e+02
2.904407653808593750e+02
2.904067382812500000e+02
2.903727416992187500e+02
2.903388061523437500e+02
2.903048400878906250e+02
2.902708740234375000e+02
2.902369384765625000e+02
2.902030334472656250e+02
2.901691589355468750e+02
2.901353149414062500e+02
2.901014709472656250e+02
2.900675659179687500e+02
2.900338134765625000e+02
2.900000610351562500e+02
2.899662780761718750e+02
2.899324951171875000e+02
2.898987426757812500e+02
2.898651123046875000e+02
2.898314208984375000e+02
2.897976989746093750e+02
2.897640686035156250e+02
2.897304382324218750e+02
2.896968078613281250e+02
2.896632080078125000e+02
2.896296081542968750e+02
2.895960083007812500e+02
2.895624084472656250e+02
2.895289611816406250e+02
2.894953918457031250e+02
2.894619445800781250e+02
2.894284973144531250e+02
2.893949890136718750e+02
2.893615722656250000e+02
2.893281555175781250e+02
2.892947387695312500e+02
2.892612915039062500e+02
2.892279663085937500e+02
2.891946411132812500e+02
2.891613159179687500e+02
2.891279602050781250e+02
2.890947570800781250e+02
2.890614318847656250e+02
2.890282287597656250e+02
2.889949645996093750e+02
2.889617004394531250e+02
2.889285583496093750e+02
2.888952941894531250e+02
2.888621520996093750e+02
2.888289489746093750e+02
2.887958679199218750e+02
2.887626953125000000e+02
2.887296447753906250e+02
2.886965942382812500e+02
2.886634826660156250e+02
2.886304626464843750e+02
2.885974121093750000e+02
2.885644531250000000e+02
2.885314331054687500e+02
2.884984130859375000e+02
2.884654541015625000e+02
2.884325256347656250e+02
2.883995971679687500e+02
2.883666992187500000e+02
2.883338012695312500e+02
2.883009643554687500e+02
2.882680969238281250e+02
2.882352905273437500e+02
2.882024536132812500e+02
2.881695556640625000e+02
2.881368103027343750e+02
2.881040344238281250e+02
2.880712890625000000e+02
2.880385437011718750e+02
2.880058898925781250e+02
2.879731750488281250e+02
2.879404907226562500e+02
2.879078063964843750e+02
2.878752136230468750e+02
2.878425292968750000e+02
2.878098754882812500e+02
2.877772827148437500e+02
2.877446899414062500e+02
2.877121276855468750e+02
2.876795654296875000e+02
2.876470336914062500e+02
2.876145324707031250e+02
2.875820922851562500e+02
2.875495910644531250e+02
2.875171203613281250e+02
2.874846191406250000e+02
2.874522399902343750e+02
2.874198303222656250e+02
2.873874206542968750e+02
2.873550109863281250e+02
2.873226318359375000e+02
2.872903442382812500e+02
2.872579650878906250e+02
2.872256469726562500e+02
2.871933288574218750e+02
2.871611328125000000e+02
2.871288452148437500e+02
2.870965881347656250e+02
2.870643615722656250e+02
2.870321350097656250e+02
2.869999389648437500e+02
2.869677734375000000e+02
2.869356079101562500e+02
2.869034118652343750e+02
2.868712768554687500e+02
2.868392028808593750e+02
2.868071289062500000e+02
2.867750549316406250e+02
2.867429199218750000e+02
2.867109375000000000e+02
2.866788940429687500e+02
2.866468811035156250e+02
2.866148681640625000e+02
2.865828857421875000e+02
2.865509643554687500e+02
2.865189819335937500e+02
2.864870300292968750e+02
2.864551391601562500e+02
2.864232482910156250e+02
2.863912963867187500e+02
2.863594665527343750e+02
2.863275756835937500e+02
2.862957763671875000e+02
2.862639770507812500e+02
2.862322082519531250e+02
2.862004089355468750e+02
2.861685791015625000e+02
2.861368713378906250e+02
2.861051025390625000e+02
2.860734252929687500e+02
2.860417175292968750e+02
2.860100097656250000e+02
2.859783325195312500e+02
2.859466857910156250e+02
2.859150390625000000e+02
2.858834533691406250e+02
2.858517761230468750e+02
2.858202514648437500e+02
2.857886657714843750e+02
2.857571411132812500e+02
2.857255554199218750e+02
2.856940612792968750e+02
2.856625671386718750e+02
2.856310424804687500e+02
2.855996093750000000e+02
2.855681457519531250e+02
2.855367126464843750e+02
2.855052490234375000e+02
2.854738464355468750e+02
2.854424438476562500e+02
2.854111328125000000e+02
2.853796997070312500e+02
2.853483276367187500e+02
2.853170776367187500e+02
2.852857055664062500e+02
2.852544250488281250e+02
2.852231445312500000e+02
2.851918640136718750e+02
2.851605834960937500e+02
