4.351937600000000000e+07
3.792130800000000000e+07
3.275991600000000000e+07
2.804013600000000000e+07
2.405478600000000000e+07
2.050495000000000000e+07
1.752651600000000000e+07
1.646744000000000000e+07
1.632948900000000000e+07
1.619531200000000000e+07
1.606429300000000000e+07
1.593596400000000000e+07
1.580997700000000000e+07
1.568605900000000000e+07
1.556399600000000000e+07
1.544361800000000000e+07
1.532478000000000000e+07
1.520737200000000000e+07
1.509130800000000000e+07
1.497649500000000000e+07
1.486288600000000000e+07
1.475041700000000000e+07
1.463904200000000000e+07
1.452872700000000000e+07
1.441944300000000000e+07
1.431115600000000000e+07
1.420384600000000000e+07
1.409749600000000000e+07
1.399208400000000000e+07
1.388759400000000000e+07
1.378401800000000000e+07
1.368134400000000000e+07
1.357955600000000000e+07
1.347865700000000000e+07
1.337862900000000000e+07
1.327946700000000000e+07
1.318116800000000000e+07
1.308372300000000000e+07
1.298713100000000000e+07
1.289137700000000000e+07
1.279646600000000000e+07
1.270239100000000000e+07
1.260914400000000000e+07
1.251672200000000000e+07
1.242511900000000000e+07
1.233433300000000000e+07
1.224435900000000000e+07
1.215518900000000000e+07
1.206682400000000000e+07
1.197925400000000000e+07
1.189247900000000000e+07
1.180648500000000000e+07
1.172127800000000000e+07
1.163684600000000000e+07
1.155318600000000000e+07
1.147029200000000000e+07
1.138815900000000000e+07
1.130678100000000000e+07
1.122615200000000000e+07
1.114626700000000000e+07
1.106712100000000000e+07
1.098870800000000000e+07
1.091101700000000000e+07
1.083405100000000000e+07
1.075779500000000000e+07
1.068225000000000000e+07
1.060740800000000000e+07
1.053325900000000000e+07
1.045979700000000000e+07
1.038701800000000000e+07
1.031491600000000000e+07
1.024348100000000000e+07
1.017271100000000000e+07
1.010259700000000000e+07
1.003313300000000000e+07
9.964310000000000000e+06
9.896122000000000000e+06
9.828567000000000000e+06
9.761632000000000000e+06
9.695310000000000000e+06
9.629598000000000000e+06
9.564485000000000000e+06
9.499965000000000000e+06
9.436036000000000000e+06
9.372971000000000000e+06
9.310490000000000000e+06
9.248584000000000000e+06
9.187243000000000000e+06
9.126468000000000000e+06
9.066246000000000000e+06
9.006573000000000000e+06
8.947443000000000000e+06
8.888848000000000000e+06
8.830786000000000000e+06
8.773245000000000000e+06
8.716222000000000000e+06
8.659707000000000000e+06
8.603698000000000000e+06
8.548185000000000000e+06
8.493163000000000000e+06
8.438623000000000000e+06
8.384559500000000000e+06
8.330963000000000000e+06
8.277828000000000000e+06
8.225143000000000000e+06
8.172899500000000000e+06
8.121088000000000000e+06
8.069694000000000000e+06
8.019398500000000000e+06
7.969679500000000000e+06
7.920407000000000000e+06
7.871574000000000000e+06
7.823176500000000000e+06
7.775209500000000000e+06
7.727668000000000000e+06
7.680547500000000000e+06
7.633841000000000000e+06
7.587548500000000000e+06
7.541662000000000000e+06
7.496178000000000000e+06
7.451091000000000000e+06
7.406398500000000000e+06
7.362094000000000000e+06
7.318175000000000000e+06
7.274637000000000000e+06
7.231474500000000000e+06
7.188687500000000000e+06
7.146265000000000000e+06
7.104208000000000000e+06
7.062512000000000000e+06
7.021173000000000000e+06
6.980186000000000000e+06
6.939547000000000000e+06
6.899254500000000000e+06
6.859303000000000000e+06
6.819687500000000000e+06
6.780409000000000000e+06
6.741458500000000000e+06
6.702835000000000000e+06
6.664535500000000000e+06
6.626557000000000000e+06
6.588892500000000000e+06
6.551544500000000000e+06
6.514505500000000000e+06
6.477771500000000000e+06
6.441341000000000000e+06
6.405212000000000000e+06
6.369379000000000000e+06
6.333841000000000000e+06
6.298592000000000000e+06
6.263633500000000000e+06
6.228958000000000000e+06
6.194564000000000000e+06
6.160450000000000000e+06
6.126610500000000000e+06
6.093044000000000000e+06
6.059749000000000000e+06
6.026721000000000000e+06
5.993957000000000000e+06
5.961455000000000000e+06
5.929212500000000000e+06
5.897226000000000000e+06
5.865493500000000000e+06
5.834011500000000000e+06
5.802780000000000000e+06
5.771793500000000000e+06
5.741051000000000000e+06
5.710548500000000000e+06
5.680285000000000000e+06
5.650258000000000000e+06
5.620465000000000000e+06
5.590903500000000000e+06
5.561571500000000000e+06
5.532465500000000000e+06
5.503584000000000000e+06
5.474926500000000000e+06
5.446486500000000000e+06
5.418265000000000000e+06
5.390260000000000000e+06
5.362467500000000000e+06
5.334886000000000000e+06
5.307514000000000000e+06
5.280349000000000000e+06
5.253390000000000000e+06
5.226633000000000000e+06
5.200077500000000000e+06
5.173721000000000000e+06
5.147561500000000000e+06
5.121597000000000000e+06
5.095824000000000000e+06
5.070243500000000000e+06
5.044852000000000000e+06
5.019648000000000000e+06
4.994630000000000000e+06
4.969794000000000000e+06
4.945141000000000000e+06
4.920667500000000000e+06
4.896372500000000000e+06
4.872254500000000000e+06
4.848309000000000000e+06
4.824546000000000000e+06
4.800973000000000000e+06
4.777570500000000000e+06
4.754339000000000000e+06
4.731273500000000000e+06
4.708374000000000000e+06
4.685637500000000000e+06
4.663065000000000000e+06
4.640652500000000000e+06
4.618398500000000000e+06
4.596303000000000000e+06
4.574364000000000000e+06
4.552581000000000000e+06
4.530950000000000000e+06
4.509472500000000000e+06
4.488145000000000000e+06
4.466966500000000000e+06
4.445936500000000000e+06
4.425052500000000000e+06
4.404314500000000000e+06
4.383719500000000000e+06
4.363267500000000000e+06
4.342957000000000000e+06
4.322786500000000000e+06
4.302754500000000000e+06
4.282860000000000000e+06
4.263102500000000000e+06
4.243480500000000000e+06
4.223991500000000000e+06
4.204636000000000000e+06
4.185413500000000000e+06
4.166320500000000000e+06
4.147357250000000000e+06
4.128522000000000000e+06
4.109815750000000000e+06
4.091235000000000000e+06
4.072780250000000000e+06
4.054448750000000000e+06
4.036242000000000000e+06
4.018156750000000000e+06
4.000191750000000000e+06
3.982348000000000000e+06
3.964623500000000000e+06
3.947016000000000000e+06
3.929527250000000000e+06
3.912153500000000000e+06
3.894895250000000000e+06
3.877752000000000000e+06
3.860721500000000000e+06
3.843803250000000000e+06
3.826997000000000000e+06
3.810301000000000000e+06
3.793715250000000000e+06
3.777238000000000000e+06
3.760867500000000000e+06
3.744605750000000000e+06
3.728449250000000000e+06
3.712401250000000000e+06
3.696469000000000000e+06
3.680638250000000000e+06
3.664910750000000000e+06
3.649285250000000000e+06
3.633758750000000000e+06
3.618333250000000000e+06
3.603006500000000000e+06
3.587777750000000000e+06
3.572647250000000000e+06
3.557612500000000000e+06
3.542681250000000000e+06
3.527844750000000000e+06
3.513102000000000000e+06
3.498453000000000000e+06
3.483896000000000000e+06
3.469432250000000000e+06
3.455058000000000000e+06
3.440774750000000000e+06
3.426580500000000000e+06
3.412475750000000000e+06
3.398459000000000000e+06
3.384529750000000000e+06
3.370687750000000000e+06
3.356931250000000000e+06
3.343261000000000000e+06
3.329674500000000000e+06
3.316173000000000000e+06
3.302755250000000000e+06
3.289420500000000000e+06
3.276167500000000000e+06
3.262996750000000000e+06
3.249907250000000000e+06
3.236897750000000000e+06
3.223968750000000000e+06
3.211119500000000000e+06
3.198348250000000000e+06
3.185656000000000000e+06
3.173058750000000000e+06
3.160804000000000000e+06
3.148624250000000000e+06
3.136518250000000000e+06
3.124484500000000000e+06
3.112524250000000000e+06
3.100636250000000000e+06
3.088818000000000000e+06
3.077072000000000000e+06
3.065396000000000000e+06
3.053789250000000000e+06
3.042252750000000000e+06
3.030784250000000000e+06
3.019384000000000000e+06
3.008050500000000000e+06
2.996784750000000000e+06
2.985585750000000000e+06
2.974452750000000000e+06
2.963385250000000000e+06
2.952383000000000000e+06
2.941444500000000000e+06
2.930570500000000000e+06
2.919760000000000000e+06
2.909012750000000000e+06
2.898327750000000000e+06
2.887705250000000000e+06
2.877143500000000000e+06
2.866643750000000000e+06
2.856204000000000000e+06
2.845825500000000000e+06
2.835505750000000000e+06
2.825246000000000000e+06
2.815044250000000000e+06
2.804901500000000000e+06
2.794816500000000000e+06
2.784789250000000000e+06
2.774819500000000000e+06
2.764906000000000000e+06
2.755049000000000000e+06
2.745248250000000000e+06
2.735505750000000000e+06
2.725820500000000000e+06
2.716189750000000000e+06
2.706612000000000000e+06
2.697089750000000000e+06
2.687619500000000000e+06
2.678202500000000000e+06
2.668838000000000000e+06
2.659525750000000000e+06
2.650265500000000000e+06
2.641055750000000000e+06
2.631898000000000000e+06
2.622790250000000000e+06
2.613733000000000000e+06
2.604725500000000000e+06
2.595767500000000000e+06
2.586858750000000000e+06
2.577998500000000000e+06
2.569186750000000000e+06
2.560423250000000000e+06
2.551708000000000000e+06
2.543039750000000000e+06
2.534418250000000000e+06
2.525844000000000000e+06
2.517315750000000000e+06
2.508833500000000000e+06
2.500397250000000000e+06
2.492006000000000000e+06
2.483660000000000000e+06
2.475359000000000000e+06
2.467102500000000000e+06
2.458889250000000000e+06
2.450720750000000000e+06
2.442595750000000000e+06
2.434513750000000000e+06
2.426474000000000000e+06
2.418477500000000000e+06
2.410522750000000000e+06
2.402611000000000000e+06
2.394740500000000000e+06
2.386910750000000000e+06
2.379122750000000000e+06
2.371375500000000000e+06
2.363668750000000000e+06
2.356001750000000000e+06
2.348375500000000000e+06
2.340788500000000000e+06
2.333241000000000000e+06
2.325732750000000000e+06
2.318263250000000000e+06
2.310832500000000000e+06
2.303440000000000000e+06
2.296085250000000000e+06
2.288768750000000000e+06
2.281489750000000000e+06
2.274248250000000000e+06
2.267043500000000000e+06
2.259875250000000000e+06
2.252743750000000000e+06
2.245649250000000000e+06
2.238590000000000000e+06
2.231566750000000000e+06
2.224579000000000000e+06
2.217626750000000000e+06
2.210709750000000000e+06
2.203827250000000000e+06
2.196979250000000000e+06
2.190166000000000000e+06
2.183386750000000000e+06
2.176641250000000000e+06
2.169929750000000000e+06
2.163251500000000000e+06
2.156606750000000000e+06
2.149994750000000000e+06
2.143415250000000000e+06
2.136869000000000000e+06
2.130354750000000000e+06
2.123872750000000000e+06
2.117422250000000000e+06
2.111004000000000000e+06
2.104617500000000000e+06
2.098261500000000000e+06
2.091937500000000000e+06
2.085643500000000000e+06
2.079380750000000000e+06
2.073148375000000000e+06
2.066946375000000000e+06
2.060774250000000000e+06
2.054632500000000000e+06
2.048520000000000000e+06
2.042437375000000000e+06
2.036384000000000000e+06
2.030359625000000000e+06
2.024364000000000000e+06
2.018397500000000000e+06
2.012459250000000000e+06
2.006549500000000000e+06
2.000668125000000000e+06
1.994814625000000000e+06
1.988989125000000000e+06
1.983191000000000000e+06
1.977420625000000000e+06
1.971677625000000000e+06
1.965961625000000000e+06
1.960272875000000000e+06
1.954610625000000000e+06
1.948974875000000000e+06
1.943365625000000000e+06
1.937783000000000000e+06
1.932226250000000000e+06
1.926695500000000000e+06
1.921190750000000000e+06
1.915711625000000000e+06
1.910257500000000000e+06
1.904829000000000000e+06
1.899425750000000000e+06
1.894047250000000000e+06
1.888693875000000000e+06
1.883365125000000000e+06
1.878061125000000000e+06
1.872780875000000000e+06
1.867525500000000000e+06
1.862293875000000000e+06
1.857086250000000000e+06
1.851902500000000000e+06
1.846742375000000000e+06
1.841605625000000000e+06
1.836492500000000000e+06
1.831402000000000000e+06
1.826335000000000000e+06
1.821291000000000000e+06
1.816269375000000000e+06
1.811270750000000000e+06
1.806294750000000000e+06
1.801340500000000000e+06
1.796409000000000000e+06
1.791499500000000000e+06
1.786612125000000000e+06
1.781746375000000000e+06
1.776902250000000000e+06
1.772080000000000000e+06
1.767279125000000000e+06
1.762499000000000000e+06
1.757740750000000000e+06
1.753003250000000000e+06
1.748286750000000000e+06
1.743591125000000000e+06
1.738915875000000000e+06
1.734261625000000000e+06
1.729627500000000000e+06
1.725013625000000000e+06
1.720420000000000000e+06
1.715846375000000000e+06
1.711293250000000000e+06
1.706759500000000000e+06
1.702245625000000000e+06
1.697751000000000000e+06
1.693276250000000000e+06
1.688820750000000000e+06
1.684384875000000000e+06
1.679967750000000000e+06
1.675569500000000000e+06
1.671190625000000000e+06
1.666830000000000000e+06
1.662488375000000000e+06
1.658165625000000000e+06
1.653861000000000000e+06
1.649574750000000000e+06
1.645307125000000000e+06
1.641056875000000000e+06
1.636825625000000000e+06
1.632612000000000000e+06
1.628416250000000000e+06
1.624238000000000000e+06
1.620077750000000000e+06
1.615934625000000000e+06
1.611809375000000000e+06
1.607701250000000000e+06
1.603610250000000000e+06
1.599536625000000000e+06
1.595480375000000000e+06
1.591440250000000000e+06
1.587417500000000000e+06
1.583411500000000000e+06
1.579422250000000000e+06
1.575449375000000000e+06
1.571493000000000000e+06
1.567553375000000000e+06
1.563629500000000000e+06
1.559722500000000000e+06
1.555830875000000000e+06
1.551955625000000000e+06
1.548096125000000000e+06
1.544252875000000000e+06
1.540425000000000000e+06
1.536612875000000000e+06
1.532816625000000000e+06
1.529035375000000000e+06
1.525270000000000000e+06
1.521519375000000000e+06
1.517784625000000000e+06
1.514064625000000000e+06
1.510359875000000000e+06
1.506670375000000000e+06
1.502995000000000000e+06
1.499335000000000000e+06
1.495689750000000000e+06
1.492059250000000000e+06
1.488443000000000000e+06
1.484841375000000000e+06
1.481254125000000000e+06
1.477681625000000000e+06
1.474123125000000000e+06
1.470578625000000000e+06
1.467048125000000000e+06
1.463532000000000000e+06
1.460029750000000000e+06
1.456541250000000000e+06
1.453066875000000000e+06
1.449606125000000000e+06
1.446158875000000000e+06
1.442725250000000000e+06
1.439305250000000000e+06
1.435898625000000000e+06
1.432505250000000000e+06
1.429125250000000000e+06
1.425758750000000000e+06
1.422404875000000000e+06
1.419064500000000000e+06
1.415737125000000000e+06
1.412422500000000000e+06
1.409120625000000000e+06
1.405832000000000000e+06
1.402555750000000000e+06
1.399292375000000000e+06
1.396041750000000000e+06
1.392803250000000000e+06
1.389577250000000000e+06
1.386364125000000000e+06
1.383162750000000000e+06
1.379974250000000000e+06
1.376797500000000000e+06
1.373633125000000000e+06
1.370480875000000000e+06
1.367340500000000000e+06
1.364212250000000000e+06
1.361095500000000000e+06
1.357991250000000000e+06
1.354898375000000000e+06
1.351817250000000000e+06
1.348747875000000000e+06
1.345689875000000000e+06
1.342643625000000000e+06
1.339608875000000000e+06
1.336585000000000000e+06
1.333573250000000000e+06
1.330572375000000000e+06
1.327582750000000000e+06
1.324604500000000000e+06
1.321637500000000000e+06
1.318681375000000000e+06
1.315736125000000000e+06
1.312802125000000000e+06
1.309878750000000000e+06
1.306966250000000000e+06
1.304064750000000000e+06
1.301173875000000000e+06
1.298293500000000000e+06
1.295424000000000000e+06
1.292564875000000000e+06
1.289716500000000000e+06
1.286878250000000000e+06
1.284050750000000000e+06
1.281233500000000000e+06
1.278426375000000000e+06
1.275630000000000000e+06
1.272843500000000000e+06
1.270067250000000000e+06
1.267301125000000000e+06
1.264544750000000000e+06
1.261798625000000000e+06
1.259062500000000000e+06
1.256336000000000000e+06
1.253619750000000000e+06
1.250913250000000000e+06
1.248216375000000000e+06
1.245529250000000000e+06
1.242851875000000000e+06
1.240183750000000000e+06
1.237525875000000000e+06
1.234877125000000000e+06
1.232237750000000000e+06
1.229607875000000000e+06
1.226987500000000000e+06
1.224376250000000000e+06
1.221774250000000000e+06
1.219182000000000000e+06
1.216598625000000000e+06
1.214024375000000000e+06
1.211459250000000000e+06
1.208903250000000000e+06
1.206356250000000000e+06
1.203818000000000000e+06
1.201289125000000000e+06
1.198769000000000000e+06
1.196257625000000000e+06
1.193755250000000000e+06
1.191261250000000000e+06
1.188776125000000000e+06
1.186299875000000000e+06
1.183832125000000000e+06
1.181373000000000000e+06
1.178922375000000000e+06
1.176480500000000000e+06
1.174046750000000000e+06
1.171621625000000000e+06
1.169205125000000000e+06
1.166796625000000000e+06
1.164396625000000000e+06
1.162004750000000000e+06
1.159621375000000000e+06
1.157246000000000000e+06
1.154878625000000000e+06
1.152519625000000000e+06
1.150168625000000000e+06
1.147826000000000000e+06
1.145491125000000000e+06
1.143164125000000000e+06
1.140845000000000000e+06
1.138534000000000000e+06
1.136230750000000000e+06
1.133935250000000000e+06
1.131647625000000000e+06
1.129367750000000000e+06
1.127095625000000000e+06
1.124831125000000000e+06
1.122574375000000000e+06
1.120325000000000000e+06
1.118083375000000000e+06
1.115849250000000000e+06
1.113622625000000000e+06
1.111403500000000000e+06
1.109191500000000000e+06
1.106987375000000000e+06
1.104790375000000000e+06
1.102600750000000000e+06
1.100418500000000000e+06
1.098243375000000000e+06
1.096075500000000000e+06
1.093914875000000000e+06
1.091761250000000000e+06
1.089615125000000000e+06
1.087475875000000000e+06
1.085343625000000000e+06
1.083218625000000000e+06
1.081100375000000000e+06
1.078989250000000000e+06
1.076885125000000000e+06
1.074787750000000000e+06
1.072697250000000000e+06
1.070613625000000000e+06
1.068536875000000000e+06
1.066467000000000000e+06
1.064403625000000000e+06
1.062347250000000000e+06
1.060297500000000000e+06
1.058254125000000000e+06
1.056217750000000000e+06
1.054187750000000000e+06
1.052164500000000000e+06
1.050147875000000000e+06
1.048137500000000000e+06
1.046133875000000000e+06
1.044136312500000000e+06
1.042145625000000000e+06
1.040161062500000000e+06
1.038183062500000000e+06
1.036211250000000000e+06
1.034245687500000000e+06
1.032286625000000000e+06
1.030333750000000000e+06
1.028387125000000000e+06
1.026446687500000000e+06
1.024512375000000000e+06
1.022584437500000000e+06
1.020662312500000000e+06
1.018746500000000000e+06
1.016836625000000000e+06
1.014932937500000000e+06
1.013035125000000000e+06
1.011143312500000000e+06
1.009257687500000000e+06
1.007377750000000000e+06
1.005503750000000000e+06
1.003635750000000000e+06
1.001773687500000000e+06
9.999172500000000000e+05
9.980669375000000000e+05
9.962220000000000000e+05
9.943831250000000000e+05
9.925499375000000000e+05
9.907223750000000000e+05
9.889005625000000000e+05
9.870844375000000000e+05
9.852738750000000000e+05
9.834690625000000000e+05
9.816695000000000000e+05
9.798762500000000000e+05
9.780879375000000000e+05
9.763051250000000000e+05
9.745280000000000000e+05
9.727563125000000000e+05
9.709900625000000000e+05
9.692293125000000000e+05
9.674740000000000000e+05
9.657240000000000000e+05
9.639793750000000000e+05
9.622399375000000000e+05
9.605060000000000000e+05
9.587773125000000000e+05
9.570539375000000000e+05
9.553357500000000000e+05
9.536226875000000000e+05
9.519150000000000000e+05
9.502123750000000000e+05
9.485148125000000000e+05
9.468225625000000000e+05
9.451355000000000000e+05
9.434533750000000000e+05
9.417765000000000000e+05
9.401045000000000000e+05
9.384375625000000000e+05
9.367758125000000000e+05
9.351188750000000000e+05
9.334670625000000000e+05
9.318201250000000000e+05
9.301781875000000000e+05
9.285411250000000000e+05
9.269089375000000000e+05
9.252816875000000000e+05
9.236592500000000000e+05
9.220415000000000000e+05
9.204287500000000000e+05
9.188207500000000000e+05
9.172173125000000000e+05
9.156190000000000000e+05
9.140252500000000000e+05
9.124361250000000000e+05
9.108519375000000000e+05
9.092721250000000000e+05
9.076970000000000000e+05
9.061266250000000000e+05
9.045608750000000000e+05
9.029998125000000000e+05
9.014430000000000000e+05
8.998911250000000000e+05
8.983436875000000000e+05
8.968007500000000000e+05
8.952621250000000000e+05
8.937282500000000000e+05
8.921986250000000000e+05
8.906735625000000000e+05
8.891530625000000000e+05
8.876366875000000000e+05
8.861249375000000000e+05
8.846174375000000000e+05
8.831145625000000000e+05
8.816156250000000000e+05
8.801213125000000000e+05
8.786311250000000000e+05
8.771454375000000000e+05
8.756639375000000000e+05
8.741865625000000000e+05
8.727135625000000000e+05
8.712448125000000000e+05
8.697802500000000000e+05
8.683199375000000000e+05
8.668638750000000000e+05
8.654117500000000000e+05
8.639637500000000000e+05
8.625200000000000000e+05
8.610803125000000000e+05
8.596448125000000000e+05
8.582132500000000000e+05
8.567858750000000000e+05
8.553624375000000000e+05
8.539431250000000000e+05
8.525277500000000000e+05
8.511164375000000000e+05
8.497091875000000000e+05
8.483056875000000000e+05
8.469063750000000000e+05
8.455108125000000000e+05
8.441193125000000000e+05
8.427316875000000000e+05
8.413477500000000000e+05
8.399677500000000000e+05
8.385918750000000000e+05
8.372197500000000000e+05
8.358513125000000000e+05
8.344870000000000000e+05
8.331260625000000000e+05
8.317690625000000000e+05
8.304160000000000000e+05
8.290665000000000000e+05
8.277210000000000000e+05
8.263788750000000000e+05
8.250407500000000000e+05
8.237061875000000000e+05
8.223752500000000000e+05
8.210481875000000000e+05
8.197245625000000000e+05
8.184048125000000000e+05
8.170886250000000000e+05
8.157760000000000000e+05
8.144670000000000000e+05
8.131616875000000000e+05
8.118596875000000000e+05
8.105615000000000000e+05
8.092667500000000000e+05
8.079754375000000000e+05
8.066878750000000000e+05
8.054036250000000000e+05
8.041230625000000000e+05
8.028460000000000000e+05
8.015721250000000000e+05
8.003018750000000000e+05
7.990351875000000000e+05
7.977715000000000000e+05
7.965117500000000000e+05
7.952550625000000000e+05
7.940020000000000000e+05
7.927521875000000000e+05
7.915058125000000000e+05
7.902627500000000000e+05
7.890228125000000000e+05
7.877865625000000000e+05
7.865535000000000000e+05
7.853236875000000000e+05
7.840972500000000000e+05
7.828741250000000000e+05
7.816541875000000000e+05
7.804375625000000000e+05
7.792240000000000000e+05
7.780138750000000000e+05
7.768070000000000000e+05
7.756030000000000000e+05
7.744025000000000000e+05
7.732050625000000000e+05
7.720109375000000000e+05
7.708198750000000000e+05
7.696319375000000000e+05
7.684471875000000000e+05
7.672656250000000000e+05
7.660870000000000000e+05
7.649116250000000000e+05
7.637392500000000000e+05
7.625700000000000000e+05
7.614038750000000000e+05
7.602408125000000000e+05
7.590806875000000000e+05
7.579238125000000000e+05
7.567696250000000000e+05
7.556186250000000000e+05
7.544707500000000000e+05
7.533257500000000000e+05
7.521836875000000000e+05
7.510446250000000000e+05
7.499085000000000000e+05
7.487753750000000000e+05
7.476451875000000000e+05
7.465179375000000000e+05
7.453936875000000000e+05
7.442722500000000000e+05
7.431536875000000000e+05
7.420380625000000000e+05
7.409253125000000000e+05
7.398155000000000000e+05
7.387085000000000000e+05
7.376042500000000000e+05
7.365028125000000000e+05
7.354044375000000000e+05
7.343087500000000000e+05
7.332157500000000000e+05
7.321256250000000000e+05
7.310382500000000000e+05
7.299537500000000000e+05
7.288716875000000000e+05
7.277928750000000000e+05
7.267165625000000000e+05
7.256430625000000000e+05
7.245721875000000000e+05
7.235040625000000000e+05
7.224388125000000000e+05
7.213760625000000000e+05
7.203160000000000000e+05
7.192587500000000000e+05
7.182042500000000000e+05
7.171521250000000000e+05
7.161027500000000000e+05
7.150562500000000000e+05
7.140119375000000000e+05
7.129705625000000000e+05
7.119318125000000000e+05
7.108956250000000000e+05
7.098620000000000000e+05
7.088308125000000000e+05
7.078024375000000000e+05
7.067765625000000000e+05
7.057531875000000000e+05
7.047324375000000000e+05
7.037141875000000000e+05
7.026985000000000000e+05
7.016853750000000000e+05
7.006747500000000000e+05
6.996665000000000000e+05
6.986610000000000000e+05
6.976577500000000000e+05
6.966571875000000000e+05
6.956591250000000000e+05
6.946632500000000000e+05
6.936700000000000000e+05
6.926791875000000000e+05
6.916907500000000000e+05
6.907047500000000000e+05
6.897213125000000000e+05
6.887401875000000000e+05
6.877615000000000000e+05
6.867852500000000000e+05
6.858111875000000000e+05
6.848397500000000000e+05
6.838705625000000000e+05
6.829039375000000000e+05
6.819393125000000000e+05
6.809773125000000000e+05
6.800175625000000000e+05
6.790601875000000000e+05
6.781051250000000000e+05
6.771523125000000000e+05
6.762020000000000000e+05
6.752538125000000000e+05
6.743078750000000000e+05
6.733644375000000000e+05
6.724231250000000000e+05
6.714842500000000000e+05
6.705474375000000000e+05
6.696128750000000000e+05
6.686806250000000000e+05
6.677506875000000000e+05
6.668230000000000000e+05
6.658973750000000000e+05
6.649740625000000000e+05
6.640531250000000000e+05
6.631341250000000000e+05
6.622173125000000000e+05
6.613029375000000000e+05
6.603906875000000000e+05
6.594805625000000000e+05
6.585723750000000000e+05
6.576667500000000000e+05
6.567630625000000000e+05
6.558616250000000000e+05
6.549622500000000000e+05
6.540650000000000000e+05
6.531698750000000000e+05
