6.182404400000000000e+07
5.380493600000000000e+07
4.642346800000000000e+07
3.967914400000000000e+07
3.400540800000000000e+07
2.894427800000000000e+07
2.466097600000000000e+07
2.314841000000000000e+07
2.295828400000000000e+07
2.277344000000000000e+07
2.259299800000000000e+07
2.241629200000000000e+07
2.224282800000000000e+07
2.207221400000000000e+07
2.190414600000000000e+07
2.173838000000000000e+07
2.157471800000000000e+07
2.141300000000000000e+07
2.125309600000000000e+07
2.109488000000000000e+07
2.093828600000000000e+07
2.078321600000000000e+07
2.062962200000000000e+07
2.047744400000000000e+07
2.032663600000000000e+07
2.017716600000000000e+07
2.002899400000000000e+07
1.988210200000000000e+07
1.973645800000000000e+07
1.959204600000000000e+07
1.944885200000000000e+07
1.930685200000000000e+07
1.916603600000000000e+07
1.902640000000000000e+07
1.888793200000000000e+07
1.875061600000000000e+07
1.861445200000000000e+07
1.847943000000000000e+07
1.834554200000000000e+07
1.821278400000000000e+07
1.808115000000000000e+07
1.795063400000000000e+07
1.782123000000000000e+07
1.769293600000000000e+07
1.756574200000000000e+07
1.743964400000000000e+07
1.731463800000000000e+07
1.719071400000000000e+07
1.706787800000000000e+07
1.694611600000000000e+07
1.682542000000000000e+07
1.670578900000000000e+07
1.658721700000000000e+07
1.646969500000000000e+07
1.635321300000000000e+07
1.623777800000000000e+07
1.612337000000000000e+07
1.600999000000000000e+07
1.589762700000000000e+07
1.578627600000000000e+07
1.567593200000000000e+07
1.556657700000000000e+07
1.545821600000000000e+07
1.535083400000000000e+07
1.524442900000000000e+07
1.513899000000000000e+07
1.503450600000000000e+07
1.493097200000000000e+07
1.482838200000000000e+07
1.472672400000000000e+07
1.462599300000000000e+07
1.452617700000000000e+07
1.442727000000000000e+07
1.432926000000000000e+07
1.423214300000000000e+07
1.413590700000000000e+07
1.404054300000000000e+07
1.394604400000000000e+07
1.385239900000000000e+07
1.375959900000000000e+07
1.366763600000000000e+07
1.357649800000000000e+07
1.348617800000000000e+07
1.339675400000000000e+07
1.330843500000000000e+07
1.322091600000000000e+07
1.313418900000000000e+07
1.304824700000000000e+07
1.296308000000000000e+07
1.287867900000000000e+07
1.279503700000000000e+07
1.271214500000000000e+07
1.262999600000000000e+07
1.254857600000000000e+07
1.246788100000000000e+07
1.238790300000000000e+07
1.230863000000000000e+07
1.223005400000000000e+07
1.215216700000000000e+07
1.207495700000000000e+07
1.199841600000000000e+07
1.192253500000000000e+07
1.184730200000000000e+07
1.177270700000000000e+07
1.169873600000000000e+07
1.162537800000000000e+07
1.155261800000000000e+07
1.148053400000000000e+07
1.141003900000000000e+07
1.134017200000000000e+07
1.127092300000000000e+07
1.120228600000000000e+07
1.113425500000000000e+07
1.106681900000000000e+07
1.099997700000000000e+07
1.093372200000000000e+07
1.086804400000000000e+07
1.080293900000000000e+07
1.073839900000000000e+07
1.067442100000000000e+07
1.061099800000000000e+07
1.054812300000000000e+07
1.048578800000000000e+07
1.042399200000000000e+07
1.036272700000000000e+07
1.030198400000000000e+07
1.024176400000000000e+07
1.018205700000000000e+07
1.012285700000000000e+07
1.006416100000000000e+07
1.000596100000000000e+07
9.948253000000000000e+06
9.891035000000000000e+06
9.834298000000000000e+06
9.778038000000000000e+06
9.722247000000000000e+06
9.666924000000000000e+06
9.612063000000000000e+06
9.557663000000000000e+06
9.503711000000000000e+06
9.450207000000000000e+06
9.397145000000000000e+06
9.344523000000000000e+06
9.292332000000000000e+06
9.240572000000000000e+06
9.189236000000000000e+06
9.138322000000000000e+06
9.087822000000000000e+06
9.037733000000000000e+06
8.988050000000000000e+06
8.938774000000000000e+06
8.889894000000000000e+06
8.841410000000000000e+06
8.793314000000000000e+06
8.745606000000000000e+06
8.698282000000000000e+06
8.651334000000000000e+06
8.604764000000000000e+06
8.558563000000000000e+06
8.512728000000000000e+06
8.467258000000000000e+06
8.422147000000000000e+06
8.377393500000000000e+06
8.332992000000000000e+06
8.288939500000000000e+06
8.245230500000000000e+06
8.201865500000000000e+06
8.158838000000000000e+06
8.116145500000000000e+06
8.073785000000000000e+06
8.031752500000000000e+06
7.990046000000000000e+06
7.948660000000000000e+06
7.907594000000000000e+06
7.866843000000000000e+06
7.826404000000000000e+06
7.786274500000000000e+06
7.746450500000000000e+06
7.706929500000000000e+06
7.667709500000000000e+06
7.628787500000000000e+06
7.590158500000000000e+06
7.551821000000000000e+06
7.513771000000000000e+06
7.476008500000000000e+06
7.438528000000000000e+06
7.401329000000000000e+06
7.364406000000000000e+06
7.327757500000000000e+06
7.291383000000000000e+06
7.255276000000000000e+06
7.219437500000000000e+06
7.183862000000000000e+06
7.148548500000000000e+06
7.113491500000000000e+06
7.078696000000000000e+06
7.044153500000000000e+06
7.009861000000000000e+06
6.975819000000000000e+06
6.942025000000000000e+06
6.908475000000000000e+06
6.875167000000000000e+06
6.842101000000000000e+06
6.809271500000000000e+06
6.776676500000000000e+06
6.744317000000000000e+06
6.712187000000000000e+06
6.680286500000000000e+06
6.648614000000000000e+06
6.617166500000000000e+06
6.585940000000000000e+06
6.554936000000000000e+06
6.524148000000000000e+06
6.493580000000000000e+06
6.463225000000000000e+06
6.433082500000000000e+06
6.403150000000000000e+06
6.373427500000000000e+06
6.343911500000000000e+06
6.314601000000000000e+06
6.285492500000000000e+06
6.256585000000000000e+06
6.227877000000000000e+06
6.199368500000000000e+06
6.171055000000000000e+06
6.142935000000000000e+06
6.115009500000000000e+06
6.087273000000000000e+06
6.059727000000000000e+06
6.032369000000000000e+06
6.005197000000000000e+06
5.978211000000000000e+06
5.951406500000000000e+06
5.924783500000000000e+06
5.898341000000000000e+06
5.872076500000000000e+06
5.845990000000000000e+06
5.820079500000000000e+06
5.794344000000000000e+06
5.768779000000000000e+06
5.743385500000000000e+06
5.718163500000000000e+06
5.693108500000000000e+06
5.668220000000000000e+06
5.643497500000000000e+06
5.618941500000000000e+06
5.594546000000000000e+06
5.570313000000000000e+06
5.546240500000000000e+06
5.522325500000000000e+06
5.498569000000000000e+06
5.474969500000000000e+06
5.451523000000000000e+06
5.428232000000000000e+06
5.405092500000000000e+06
5.382104500000000000e+06
5.359265500000000000e+06
5.336576000000000000e+06
5.314034000000000000e+06
5.291638500000000000e+06
5.269387000000000000e+06
5.247280500000000000e+06
5.225316000000000000e+06
5.203494000000000000e+06
5.181811000000000000e+06
5.160267500000000000e+06
5.138862500000000000e+06
5.117594000000000000e+06
5.096462500000000000e+06
5.075464000000000000e+06
5.054600500000000000e+06
5.033870000000000000e+06
5.013269500000000000e+06
4.992800500000000000e+06
4.972459500000000000e+06
4.952248000000000000e+06
4.932164000000000000e+06
4.912206000000000000e+06
4.892373000000000000e+06
4.872664000000000000e+06
4.853079000000000000e+06
4.833615000000000000e+06
4.814273000000000000e+06
4.795051000000000000e+06
4.775949500000000000e+06
4.756966500000000000e+06
4.738099000000000000e+06
4.719349500000000000e+06
4.700716000000000000e+06
4.682196000000000000e+06
4.663790000000000000e+06
4.645497000000000000e+06
4.627316000000000000e+06
4.609246000000000000e+06
4.591287000000000000e+06
4.573436000000000000e+06
4.555695000000000000e+06
4.538061000000000000e+06
4.520533500000000000e+06
4.503112500000000000e+06
4.485797000000000000e+06
4.468583500000000000e+06
4.451476000000000000e+06
4.434471000000000000e+06
4.417567500000000000e+06
4.400765000000000000e+06
4.384062500000000000e+06
4.367460000000000000e+06
4.350956000000000000e+06
4.334550000000000000e+06
4.318242000000000000e+06
4.302029500000000000e+06
4.285913000000000000e+06
4.269892500000000000e+06
4.253965000000000000e+06
4.238132000000000000e+06
4.222391500000000000e+06
4.206743000000000000e+06
4.191187000000000000e+06
4.175721000000000000e+06
4.160345000000000000e+06
4.145059250000000000e+06
4.129861000000000000e+06
4.114751000000000000e+06
4.099729750000000000e+06
4.084794000000000000e+06
4.069945000000000000e+06
4.055180500000000000e+06
4.040501250000000000e+06
4.025907000000000000e+06
4.011398750000000000e+06
3.996973500000000000e+06
3.982631000000000000e+06
3.968369500000000000e+06
3.954189750000000000e+06
3.940089500000000000e+06
3.926069000000000000e+06
3.912128500000000000e+06
3.898266250000000000e+06
3.884482250000000000e+06
3.870774250000000000e+06
3.857144500000000000e+06
3.843590750000000000e+06
3.830112750000000000e+06
3.816709250000000000e+06
3.803380750000000000e+06
3.790126250000000000e+06
3.776945000000000000e+06
3.763837000000000000e+06
3.750802000000000000e+06
3.737837750000000000e+06
3.724945500000000000e+06
3.712124250000000000e+06
3.699372750000000000e+06
3.686692000000000000e+06
3.674079500000000000e+06
3.661536500000000000e+06
3.649061750000000000e+06
3.636655000000000000e+06
3.624315250000000000e+06
3.612043000000000000e+06
3.599836750000000000e+06
3.587696000000000000e+06
3.575620750000000000e+06
3.563612000000000000e+06
3.551666250000000000e+06
3.539784500000000000e+06
3.527967500000000000e+06
3.516212000000000000e+06
3.504520250000000000e+06
3.492890250000000000e+06
3.481323250000000000e+06
3.469816250000000000e+06
3.458370500000000000e+06
3.446985750000000000e+06
3.435660750000000000e+06
3.424395750000000000e+06
3.413189250000000000e+06
3.402042500000000000e+06
3.390953500000000000e+06
3.379923250000000000e+06
3.368950000000000000e+06
3.358033000000000000e+06
3.347174000000000000e+06
3.336371000000000000e+06
3.325625500000000000e+06
3.314935000000000000e+06
3.304300250000000000e+06
3.293720750000000000e+06
3.283194250000000000e+06
3.272722750000000000e+06
3.262304750000000000e+06
3.251939750000000000e+06
3.241628000000000000e+06
3.231369000000000000e+06
3.221161750000000000e+06
3.211006750000000000e+06
3.200903000000000000e+06
3.190850250000000000e+06
3.180848250000000000e+06
3.170897250000000000e+06
3.160997000000000000e+06
3.151145000000000000e+06
3.141343250000000000e+06
3.131590500000000000e+06
3.121886500000000000e+06
3.112230750000000000e+06
3.102623250000000000e+06
3.093064250000000000e+06
3.083551750000000000e+06
3.074087250000000000e+06
3.064669250000000000e+06
3.055298000000000000e+06
3.045972750000000000e+06
3.036694250000000000e+06
3.027460500000000000e+06
3.018272250000000000e+06
3.009129250000000000e+06
3.000031000000000000e+06
2.990977000000000000e+06
2.981967250000000000e+06
2.973001500000000000e+06
2.964078750000000000e+06
2.955200250000000000e+06
2.946364000000000000e+06
2.937571500000000000e+06
2.928820250000000000e+06
2.920112000000000000e+06
2.911445000000000000e+06
2.902820750000000000e+06
2.894236750000000000e+06
2.885694000000000000e+06
2.877192500000000000e+06
2.868731750000000000e+06
2.860310750000000000e+06
2.851930500000000000e+06
2.843589500000000000e+06
2.835288500000000000e+06
2.827027000000000000e+06
2.818803250000000000e+06
2.810620000000000000e+06
2.802474250000000000e+06
2.794367000000000000e+06
2.786298000000000000e+06
2.778266500000000000e+06
2.770273000000000000e+06
2.762316250000000000e+06
2.754397250000000000e+06
2.746514750000000000e+06
2.738669750000000000e+06
2.730860250000000000e+06
2.723087000000000000e+06
2.715349750000000000e+06
2.707648500000000000e+06
2.699982750000000000e+06
2.692352500000000000e+06
2.684757250000000000e+06
2.677196750000000000e+06
2.669670500000000000e+06
2.662179250000000000e+06
2.654722000000000000e+06
2.647298500000000000e+06
2.639909750000000000e+06
2.632553500000000000e+06
2.625231500000000000e+06
2.617942250000000000e+06
2.610686250000000000e+06
2.603462750000000000e+06
2.596272000000000000e+06
2.589113750000000000e+06
2.581987000000000000e+06
2.574892750000000000e+06
2.567830750000000000e+06
2.560799250000000000e+06
2.553800000000000000e+06
2.546832000000000000e+06
2.539895000000000000e+06
2.532989000000000000e+06
2.526112750000000000e+06
2.519268000000000000e+06
2.512452750000000000e+06
2.505667750000000000e+06
2.498913000000000000e+06
2.492188000000000000e+06
2.485493250000000000e+06
2.478826500000000000e+06
2.472190000000000000e+06
2.465582250000000000e+06
2.459003500000000000e+06
2.452453500000000000e+06
2.445931250000000000e+06
2.439438250000000000e+06
2.432973000000000000e+06
2.426536250000000000e+06
2.420127000000000000e+06
2.413745500000000000e+06
2.407391750000000000e+06
2.401065500000000000e+06
2.394766000000000000e+06
2.388494000000000000e+06
2.382248750000000000e+06
2.376030250000000000e+06
2.369838250000000000e+06
2.363672750000000000e+06
2.357533750000000000e+06
2.351420750000000000e+06
2.345334000000000000e+06
2.339272750000000000e+06
2.333237250000000000e+06
2.327227250000000000e+06
2.321242500000000000e+06
2.315283250000000000e+06
2.309349500000000000e+06
2.303440500000000000e+06
2.297556250000000000e+06
2.291696500000000000e+06
2.285861250000000000e+06
2.280050500000000000e+06
2.274264000000000000e+06
2.268501750000000000e+06
2.262763500000000000e+06
2.257048500000000000e+06
2.251357750000000000e+06
2.245691000000000000e+06
2.240047000000000000e+06
2.234427250000000000e+06
2.228829750000000000e+06
2.223255500000000000e+06
2.217704250000000000e+06
2.212176000000000000e+06
2.206670000000000000e+06
2.201187000000000000e+06
2.195726000000000000e+06
2.190287750000000000e+06
2.184871750000000000e+06
2.179477500000000000e+06
2.174105000000000000e+06
2.168754750000000000e+06
2.163426000000000000e+06
2.158118750000000000e+06
2.152833000000000000e+06
2.147568250000000000e+06
2.142325250000000000e+06
2.137103000000000000e+06
2.131901750000000000e+06
2.126721500000000000e+06
2.121562000000000000e+06
2.116423000000000000e+06
2.111304750000000000e+06
2.106207000000000000e+06
2.101129250000000000e+06
2.096071750000000000e+06
2.091034875000000000e+06
2.086017250000000000e+06
2.081019750000000000e+06
2.076042500000000000e+06
2.071083875000000000e+06
2.066145625000000000e+06
2.061226750000000000e+06
2.056326750000000000e+06
2.051446500000000000e+06
2.046585250000000000e+06
2.041742750000000000e+06
2.036919500000000000e+06
2.032115250000000000e+06
2.027329250000000000e+06
2.022562250000000000e+06
2.017814000000000000e+06
2.013083250000000000e+06
2.008371375000000000e+06
2.003677750000000000e+06
1.999002500000000000e+06
1.994344750000000000e+06
1.989705250000000000e+06
1.985083875000000000e+06
1.980479875000000000e+06
1.975893750000000000e+06
1.971325250000000000e+06
1.966774500000000000e+06
1.962240375000000000e+06
1.957724125000000000e+06
1.953224875000000000e+06
1.948743125000000000e+06
1.944278125000000000e+06
1.939830125000000000e+06
1.935398750000000000e+06
1.930984125000000000e+06
1.926586750000000000e+06
1.922205500000000000e+06
1.917841000000000000e+06
1.913492750000000000e+06
1.909160625000000000e+06
1.904845375000000000e+06
1.900545875000000000e+06
1.896262875000000000e+06
1.891995625000000000e+06
1.887744000000000000e+06
1.883508500000000000e+06
1.879289000000000000e+06
1.875085000000000000e+06
1.870896500000000000e+06
1.866723500000000000e+06
1.862566250000000000e+06
1.858423750000000000e+06
1.854297000000000000e+06
1.850185625000000000e+06
1.846089250000000000e+06
1.842008000000000000e+06
1.837941625000000000e+06
1.833890000000000000e+06
1.829853500000000000e+06
1.825831875000000000e+06
1.821824750000000000e+06
1.817832125000000000e+06
1.813854250000000000e+06
1.809890750000000000e+06
1.805941750000000000e+06
1.802007000000000000e+06
1.798086250000000000e+06
1.794180250000000000e+06
1.790287875000000000e+06
1.786410000000000000e+06
1.782545625000000000e+06
1.778695750000000000e+06
1.774859375000000000e+06
1.771036625000000000e+06
1.767227875000000000e+06
1.763432375000000000e+06
1.759651000000000000e+06
1.755882375000000000e+06
1.752127750000000000e+06
1.748386500000000000e+06
1.744658375000000000e+06
1.740943625000000000e+06
1.737241875000000000e+06
1.733553250000000000e+06
1.729878000000000000e+06
1.726215375000000000e+06
1.722565500000000000e+06
1.718929125000000000e+06
1.715305125000000000e+06
1.711694000000000000e+06
1.708095625000000000e+06
1.704509500000000000e+06
1.700936375000000000e+06
1.697375500000000000e+06
1.693827625000000000e+06
1.690291250000000000e+06
1.686767500000000000e+06
1.683255750000000000e+06
1.679756750000000000e+06
1.676269875000000000e+06
1.672794875000000000e+06
1.669332125000000000e+06
1.665880875000000000e+06
1.662441625000000000e+06
1.659014500000000000e+06
1.655599500000000000e+06
1.652195625000000000e+06
1.648803875000000000e+06
1.645423500000000000e+06
1.642054375000000000e+06
1.638697500000000000e+06
1.635351750000000000e+06
1.632017375000000000e+06
1.628694250000000000e+06
1.625382750000000000e+06
1.622082375000000000e+06
1.618792750000000000e+06
1.615515000000000000e+06
1.612248250000000000e+06
1.608992375000000000e+06
1.605747500000000000e+06
1.602513625000000000e+06
1.599290500000000000e+06
1.596078125000000000e+06
1.592876750000000000e+06
1.589686250000000000e+06
1.586506125000000000e+06
1.583337250000000000e+06
1.580178375000000000e+06
1.577030000000000000e+06
1.573892625000000000e+06
1.570765625000000000e+06
1.567648875000000000e+06
1.564542125000000000e+06
1.561446250000000000e+06
1.558360375000000000e+06
1.555284875000000000e+06
1.552219250000000000e+06
1.549164000000000000e+06
1.546118750000000000e+06
1.543083875000000000e+06
1.540058500000000000e+06
1.537043125000000000e+06
1.534037875000000000e+06
1.531042250000000000e+06
1.528056500000000000e+06
1.525080625000000000e+06
1.522114625000000000e+06
1.519158000000000000e+06
1.516211125000000000e+06
1.513274000000000000e+06
1.510346000000000000e+06
1.507428000000000000e+06
1.504519250000000000e+06
1.501619750000000000e+06
1.498729750000000000e+06
1.495849250000000000e+06
1.492977750000000000e+06
1.490115875000000000e+06
1.487262875000000000e+06
1.484419250000000000e+06
1.481584750000000000e+06
1.478759125000000000e+06
1.475942750000000000e+06
1.473135500000000000e+06
1.470336875000000000e+06
1.467547625000000000e+06
1.464767000000000000e+06
1.461995000000000000e+06
1.459232375000000000e+06
1.456478000000000000e+06
1.453732625000000000e+06
1.450996125000000000e+06
1.448267750000000000e+06
1.445548500000000000e+06
1.442837875000000000e+06
1.440135500000000000e+06
1.437441750000000000e+06
1.434756375000000000e+06
1.432079625000000000e+06
1.429411125000000000e+06
1.426751250000000000e+06
1.424099250000000000e+06
1.421455875000000000e+06
1.418820750000000000e+06
1.416194000000000000e+06
1.413575125000000000e+06
1.410964500000000000e+06
1.408362125000000000e+06
1.405767375000000000e+06
1.403181500000000000e+06
1.400602875000000000e+06
1.398032500000000000e+06
1.395470125000000000e+06
1.392915500000000000e+06
1.390369000000000000e+06
1.387830375000000000e+06
1.385299500000000000e+06
1.382776250000000000e+06
1.380261000000000000e+06
1.377752875000000000e+06
1.375253125000000000e+06
1.372760625000000000e+06
1.370276000000000000e+06
1.367798750000000000e+06
1.365329250000000000e+06
1.362867250000000000e+06
1.360412375000000000e+06
1.357965375000000000e+06
1.355525625000000000e+06
1.353093250000000000e+06
1.350668250000000000e+06
1.348250625000000000e+06
1.345840500000000000e+06
1.343437500000000000e+06
1.341041625000000000e+06
1.338653000000000000e+06
1.336271750000000000e+06
1.333897375000000000e+06
1.331530250000000000e+06
1.329170125000000000e+06
1.326817375000000000e+06
1.324471500000000000e+06
1.322132500000000000e+06
1.319800375000000000e+06
1.317475625000000000e+06
1.315157500000000000e+06
1.312846375000000000e+06
1.310542125000000000e+06
1.308244750000000000e+06
1.305954125000000000e+06
1.303670125000000000e+06
1.301393000000000000e+06
1.299122500000000000e+06
1.296858750000000000e+06
1.294601750000000000e+06
1.292351625000000000e+06
1.290107625000000000e+06
1.287870625000000000e+06
1.285640000000000000e+06
1.283415750000000000e+06
1.281198125000000000e+06
1.278987250000000000e+06
1.276782500000000000e+06
1.274584250000000000e+06
1.272392500000000000e+06
1.270207000000000000e+06
1.268028125000000000e+06
1.265855500000000000e+06
1.263688875000000000e+06
1.261529000000000000e+06
1.259375125000000000e+06
1.257227500000000000e+06
1.255085875000000000e+06
1.252950750000000000e+06
1.250821625000000000e+06
1.248698625000000000e+06
1.246581750000000000e+06
1.244470875000000000e+06
1.242366125000000000e+06
1.240267375000000000e+06
1.238174750000000000e+06
1.236088125000000000e+06
1.234007375000000000e+06
1.231932625000000000e+06
1.229863625000000000e+06
1.227800750000000000e+06
1.225743250000000000e+06
1.223692250000000000e+06
1.221646625000000000e+06
1.219607250000000000e+06
1.217573000000000000e+06
1.215545125000000000e+06
1.213522750000000000e+06
1.211506125000000000e+06
1.209495000000000000e+06
1.207489625000000000e+06
1.205490125000000000e+06
1.203496000000000000e+06
1.201507500000000000e+06
1.199524625000000000e+06
1.197547250000000000e+06
1.195575625000000000e+06
1.193609250000000000e+06
1.191648500000000000e+06
1.189693000000000000e+06
1.187743500000000000e+06
1.185799000000000000e+06
1.183860125000000000e+06
1.181926250000000000e+06
1.179998000000000000e+06
1.178075000000000000e+06
1.176157500000000000e+06
1.174245125000000000e+06
1.172338250000000000e+06
1.170436625000000000e+06
1.168540000000000000e+06
1.166648875000000000e+06
1.164762750000000000e+06
1.162881625000000000e+06
1.161005875000000000e+06
1.159135500000000000e+06
1.157270125000000000e+06
1.155409625000000000e+06
1.153554500000000000e+06
1.151704375000000000e+06
1.149859125000000000e+06
1.148019250000000000e+06
1.146183875000000000e+06
1.144353875000000000e+06
1.142528875000000000e+06
1.140708750000000000e+06
1.138893125000000000e+06
1.137083125000000000e+06
1.135277625000000000e+06
1.133477125000000000e+06
1.131681625000000000e+06
1.129890500000000000e+06
1.128104625000000000e+06
1.126323375000000000e+06
1.124547250000000000e+06
1.122775375000000000e+06
1.121008625000000000e+06
1.119246250000000000e+06
1.117489125000000000e+06
1.115736375000000000e+06
1.113988250000000000e+06
1.112245125000000000e+06
1.110506500000000000e+06
1.108772125000000000e+06
1.107042750000000000e+06
1.105318000000000000e+06
1.103597625000000000e+06
1.101881875000000000e+06
1.100170750000000000e+06
1.098464125000000000e+06
1.096762250000000000e+06
1.095064625000000000e+06
1.093371500000000000e+06
1.091683000000000000e+06
1.089998625000000000e+06
1.088318750000000000e+06
1.086643500000000000e+06
1.084972500000000000e+06
1.083306000000000000e+06
1.081643750000000000e+06
1.079986000000000000e+06
1.078332625000000000e+06
1.076683250000000000e+06
1.075038375000000000e+06
1.073397750000000000e+06
1.071761500000000000e+06
1.070129250000000000e+06
1.068501625000000000e+06
1.066878125000000000e+06
1.065258750000000000e+06
1.063643500000000000e+06
1.062032625000000000e+06
1.060426000000000000e+06
1.058823250000000000e+06
1.057224625000000000e+06
1.055630250000000000e+06
1.054040000000000000e+06
1.052453750000000000e+06
1.050871625000000000e+06
1.049293750000000000e+06
1.047719687500000000e+06
1.046149750000000000e+06
1.044583937500000000e+06
1.043021937500000000e+06
1.041464000000000000e+06
1.039910000000000000e+06
1.038360125000000000e+06
1.036814125000000000e+06
1.035272125000000000e+06
1.033734062500000000e+06
1.032199625000000000e+06
1.030669250000000000e+06
1.029142937500000000e+06
1.027620187500000000e+06
1.026101500000000000e+06
1.024586500000000000e+06
1.023075500000000000e+06
1.021568437500000000e+06
1.020064937500000000e+06
1.018565250000000000e+06
1.017069375000000000e+06
1.015577062500000000e+06
1.014088937500000000e+06
1.012604187500000000e+06
1.011123437500000000e+06
1.009646000000000000e+06
1.008172500000000000e+06
1.006702812500000000e+06
1.005236500000000000e+06
1.003774125000000000e+06
1.002315312500000000e+06
1.000860250000000000e+06
9.994085000000000000e+05
9.979605625000000000e+05
9.965161875000000000e+05
9.950755000000000000e+05
9.936383125000000000e+05
9.922045000000000000e+05
9.907743750000000000e+05
9.893480000000000000e+05
9.879247500000000000e+05
9.865051875000000000e+05
9.850892500000000000e+05
9.836766250000000000e+05
9.822675000000000000e+05
9.808620000000000000e+05
9.794599375000000000e+05
9.780610625000000000e+05
9.766655625000000000e+05
9.752738125000000000e+05
9.738854375000000000e+05
9.725004375000000000e+05
9.711186250000000000e+05
9.697402500000000000e+05
9.683651875000000000e+05
9.669936250000000000e+05
9.656253750000000000e+05
9.642603750000000000e+05
9.628986875000000000e+05
9.615403750000000000e+05
9.601853125000000000e+05
9.588337500000000000e+05
9.574850625000000000e+05
9.561399375000000000e+05
9.547977500000000000e+05
9.534589375000000000e+05
9.521234375000000000e+05
9.507912500000000000e+05
9.494620625000000000e+05
9.481362500000000000e+05
9.468133750000000000e+05
9.454938125000000000e+05
9.441773125000000000e+05
9.428641250000000000e+05
9.415540625000000000e+05
9.402471250000000000e+05
9.389431250000000000e+05
9.376423750000000000e+05
9.363447500000000000e+05
9.350501250000000000e+05
9.337585000000000000e+05
9.324702500000000000e+05
