4.351937600000000000e+07
3.792130800000000000e+07
3.275991600000000000e+07
2.804013600000000000e+07
2.405478600000000000e+07
2.050495000000000000e+07
1.752651600000000000e+07
1.646743900000000000e+07
1.632948900000000000e+07
1.619531400000000000e+07
1.606429100000000000e+07
1.593596500000000000e+07
1.580997700000000000e+07
1.568605800000000000e+07
1.556399900000000000e+07
1.544361800000000000e+07
1.532478000000000000e+07
1.520737400000000000e+07
1.509130500000000000e+07
1.497649800000000000e+07
1.486288400000000000e+07
1.475041400000000000e+07
1.463904300000000000e+07
1.452873200000000000e+07
1.441944300000000000e+07
1.431115800000000000e+07
1.420384900000000000e+07
1.409749600000000000e+07
1.399208400000000000e+07
1.388759400000000000e+07
1.378402000000000000e+07
1.368134300000000000e+07
1.357955800000000000e+07
1.347865500000000000e+07
1.337863000000000000e+07
1.327946600000000000e+07
1.318117100000000000e+07
1.308372400000000000e+07
1.298713100000000000e+07
1.289137800000000000e+07
1.279646800000000000e+07
1.270239000000000000e+07
1.260914600000000000e+07
1.251672200000000000e+07
1.242512200000000000e+07
1.233433600000000000e+07
1.224436100000000000e+07
1.215519100000000000e+07
1.206682700000000000e+07
1.197925800000000000e+07
1.189247900000000000e+07
1.180648900000000000e+07
1.172128000000000000e+07
1.163685100000000000e+07
1.155318700000000000e+07
1.147029500000000000e+07
1.138816300000000000e+07
1.130678600000000000e+07
1.122615800000000000e+07
1.114627200000000000e+07
1.106712700000000000e+07
1.098871100000000000e+07
1.091102500000000000e+07
1.083405500000000000e+07
1.075780200000000000e+07
1.068225800000000000e+07
1.060741300000000000e+07
1.053326500000000000e+07
1.045980200000000000e+07
1.038702500000000000e+07
1.031492200000000000e+07
1.024349100000000000e+07
1.017272000000000000e+07
1.010260400000000000e+07
1.003314100000000000e+07
9.964318000000000000e+06
9.896130000000000000e+06
9.828575000000000000e+06
9.761640000000000000e+06
9.695319000000000000e+06
9.629608000000000000e+06
9.564496000000000000e+06
9.499976000000000000e+06
9.436049000000000000e+06
9.372983000000000000e+06
9.310501000000000000e+06
9.248594000000000000e+06
9.187256000000000000e+06
9.126481000000000000e+06
9.066259000000000000e+06
9.006585000000000000e+06
8.947456000000000000e+06
8.888863000000000000e+06
8.830800000000000000e+06
8.773259000000000000e+06
8.716236000000000000e+06
8.659724000000000000e+06
8.603714000000000000e+06
8.548203000000000000e+06
8.493180000000000000e+06
8.438641000000000000e+06
8.384576500000000000e+06
8.330982500000000000e+06
8.277847000000000000e+06
8.225161500000000000e+06
8.172921000000000000e+06
8.121108500000000000e+06
8.069716000000000000e+06
8.019419000000000000e+06
7.969702000000000000e+06
7.920430000000000000e+06
7.871597000000000000e+06
7.823201000000000000e+06
7.775234000000000000e+06
7.727694000000000000e+06
7.680573500000000000e+06
7.633868500000000000e+06
7.587575500000000000e+06
7.541690000000000000e+06
7.496205500000000000e+06
7.451121500000000000e+06
7.406428500000000000e+06
7.362125000000000000e+06
7.318207000000000000e+06
7.274670000000000000e+06
7.231509000000000000e+06
7.188720500000000000e+06
7.146300500000000000e+06
7.104245500000000000e+06
7.062549000000000000e+06
7.021209500000000000e+06
6.980225000000000000e+06
6.939586500000000000e+06
6.899295000000000000e+06
6.859343500000000000e+06
6.819731000000000000e+06
6.780452000000000000e+06
6.741502500000000000e+06
6.702881000000000000e+06
6.664583000000000000e+06
6.626604500000000000e+06
6.588942500000000000e+06
6.551594500000000000e+06
6.514556000000000000e+06
6.477824000000000000e+06
6.441395500000000000e+06
6.405267500000000000e+06
6.369437000000000000e+06
6.333900500000000000e+06
6.298653000000000000e+06
6.263696000000000000e+06
6.229020500000000000e+06
6.194629000000000000e+06
6.160514000000000000e+06
6.126679000000000000e+06
6.093115500000000000e+06
6.059820000000000000e+06
6.026794500000000000e+06
5.994032500000000000e+06
5.961531500000000000e+06
5.929292000000000000e+06
5.897307500000000000e+06
5.865577500000000000e+06
5.834097000000000000e+06
5.802868000000000000e+06
5.771884500000000000e+06
5.741143000000000000e+06
5.710644500000000000e+06
5.680384000000000000e+06
5.650360000000000000e+06
5.620570000000000000e+06
5.591011500000000000e+06
5.561682000000000000e+06
5.532579000000000000e+06
5.503700000000000000e+06
5.475045000000000000e+06
5.446610000000000000e+06
5.418393000000000000e+06
5.390391000000000000e+06
5.362602500000000000e+06
5.335024500000000000e+06
5.307658500000000000e+06
5.280499500000000000e+06
5.253543500000000000e+06
5.226790500000000000e+06
5.200242000000000000e+06
5.173890000000000000e+06
5.147736500000000000e+06
5.121778500000000000e+06
5.096012500000000000e+06
5.070439000000000000e+06
5.045055000000000000e+06
5.019859000000000000e+06
4.994849500000000000e+06
4.970023000000000000e+06
4.945379500000000000e+06
4.920917500000000000e+06
4.896632500000000000e+06
4.872526000000000000e+06
4.848594500000000000e+06
4.824837000000000000e+06
4.801252500000000000e+06
4.777837000000000000e+06
4.754591500000000000e+06
4.731512500000000000e+06
4.708599500000000000e+06
4.685851000000000000e+06
4.663265000000000000e+06
4.640840000000000000e+06
4.618574000000000000e+06
4.596466500000000000e+06
4.574515000000000000e+06
4.552720000000000000e+06
4.531076500000000000e+06
4.509587000000000000e+06
4.488247500000000000e+06
4.467058000000000000e+06
4.446016000000000000e+06
4.425121000000000000e+06
4.404370500000000000e+06
4.383765000000000000e+06
4.363302000000000000e+06
4.342980000000000000e+06
4.322799000000000000e+06
4.302755500000000000e+06
4.282850000000000000e+06
4.263082500000000000e+06
4.243449500000000000e+06
4.223951000000000000e+06
4.204584500000000000e+06
4.185351750000000000e+06
4.166248750000000000e+06
4.147276250000000000e+06
4.128432000000000000e+06
4.109714750000000000e+06
4.091125250000000000e+06
4.072660250000000000e+06
4.054320750000000000e+06
4.036103500000000000e+06
4.018009500000000000e+06
4.000035750000000000e+06
3.982183250000000000e+06
3.964449500000000000e+06
3.946834250000000000e+06
3.929336500000000000e+06
3.911954250000000000e+06
3.894687750000000000e+06
3.877538000000000000e+06
3.860498500000000000e+06
3.843590250000000000e+06
3.826797000000000000e+06
3.810114500000000000e+06
3.793540750000000000e+06
3.777076250000000000e+06
3.760719000000000000e+06
3.744468750000000000e+06
3.728326250000000000e+06
3.712300000000000000e+06
3.696377500000000000e+06
3.680559000000000000e+06
3.664840500000000000e+06
3.649224250000000000e+06
3.633708750000000000e+06
3.618292000000000000e+06
3.602974750000000000e+06
3.587754750000000000e+06
3.572631750000000000e+06
3.557605750000000000e+06
3.542675500000000000e+06
3.527839000000000000e+06
3.513096500000000000e+06
3.498448500000000000e+06
3.483891250000000000e+06
3.469427000000000000e+06
3.455053500000000000e+06
3.440770000000000000e+06
3.426576000000000000e+06
3.412471750000000000e+06
3.398455750000000000e+06
3.384526500000000000e+06
3.370684250000000000e+06
3.356928250000000000e+06
3.343258000000000000e+06
3.329672500000000000e+06
3.316171250000000000e+06
3.302753000000000000e+06
3.289418500000000000e+06
3.276165500000000000e+06
3.262994750000000000e+06
3.249906250000000000e+06
3.236896500000000000e+06
3.223967500000000000e+06
3.211118250000000000e+06
3.198347000000000000e+06
3.185654250000000000e+06
3.173072000000000000e+06
3.160818750000000000e+06
3.148638000000000000e+06
3.136532000000000000e+06
3.124498750000000000e+06
3.112538750000000000e+06
3.100650000000000000e+06
3.088833000000000000e+06
3.077086000000000000e+06
3.065410500000000000e+06
3.053804750000000000e+06
3.042267500000000000e+06
3.030799250000000000e+06
3.019398750000000000e+06
3.008065750000000000e+06
2.996800000000000000e+06
2.985601000000000000e+06
2.974467500000000000e+06
2.963400500000000000e+06
2.952397750000000000e+06
2.941460000000000000e+06
2.930586000000000000e+06
2.919775500000000000e+06
2.909028250000000000e+06
2.898343000000000000e+06
2.887720500000000000e+06
2.877159000000000000e+06
2.866659250000000000e+06
2.856219750000000000e+06
2.845840000000000000e+06
2.835521250000000000e+06
2.825261250000000000e+06
2.815060000000000000e+06
2.804917000000000000e+06
2.794832750000000000e+06
2.784805250000000000e+06
2.774835250000000000e+06
2.764921500000000000e+06
2.755064750000000000e+06
2.745263500000000000e+06
2.735522000000000000e+06
2.725837250000000000e+06
2.716206000000000000e+06
2.706629000000000000e+06
2.697106250000000000e+06
2.687636500000000000e+06
2.678219000000000000e+06
2.668855000000000000e+06
2.659542500000000000e+06
2.650281750000000000e+06
2.641072500000000000e+06
2.631914250000000000e+06
2.622806500000000000e+06
2.613749500000000000e+06
2.604741500000000000e+06
2.595784000000000000e+06
2.586874750000000000e+06
2.578014750000000000e+06
2.569203250000000000e+06
2.560439500000000000e+06
2.551724250000000000e+06
2.543055750000000000e+06
2.534434750000000000e+06
2.525860000000000000e+06
2.517332000000000000e+06
2.508850000000000000e+06
2.500413750000000000e+06
2.492022500000000000e+06
2.483676500000000000e+06
2.475375500000000000e+06
2.467118750000000000e+06
2.458905500000000000e+06
2.450737250000000000e+06
2.442612250000000000e+06
2.434529750000000000e+06
2.426491000000000000e+06
2.418494000000000000e+06
2.410540000000000000e+06
2.402627500000000000e+06
2.394756750000000000e+06
2.386927500000000000e+06
2.379139000000000000e+06
2.371391250000000000e+06
2.363685500000000000e+06
2.356018250000000000e+06
2.348391750000000000e+06
2.340805000000000000e+06
2.333257250000000000e+06
2.325749250000000000e+06
2.318279250000000000e+06
2.310849000000000000e+06
2.303456500000000000e+06
2.296101500000000000e+06
2.288785250000000000e+06
2.281506500000000000e+06
2.274264250000000000e+06
2.267059750000000000e+06
2.259892000000000000e+06
2.252760250000000000e+06
2.245665500000000000e+06
2.238606250000000000e+06
2.231583250000000000e+06
2.224595250000000000e+06
2.217643250000000000e+06
2.210726500000000000e+06
2.203843250000000000e+06
2.196995500000000000e+06
2.190182500000000000e+06
2.183403250000000000e+06
2.176657750000000000e+06
2.169945750000000000e+06
2.163267750000000000e+06
2.156622500000000000e+06
2.150011000000000000e+06
2.143431500000000000e+06
2.136885250000000000e+06
2.130370750000000000e+06
2.123889000000000000e+06
2.117438750000000000e+06
2.111020250000000000e+06
2.104633750000000000e+06
2.098278250000000000e+06
2.091953500000000000e+06
2.085659875000000000e+06
2.079397250000000000e+06
2.073164875000000000e+06
2.066963000000000000e+06
2.060791000000000000e+06
2.054648625000000000e+06
2.048536500000000000e+06
2.042453375000000000e+06
2.036399750000000000e+06
2.030376000000000000e+06
2.024380250000000000e+06
2.018413500000000000e+06
2.012475875000000000e+06
2.006566125000000000e+06
2.000684375000000000e+06
1.994831000000000000e+06
1.989005750000000000e+06
1.983207500000000000e+06
1.977436875000000000e+06
1.971694000000000000e+06
1.965978000000000000e+06
1.960289000000000000e+06
1.954626750000000000e+06
1.948991250000000000e+06
1.943382250000000000e+06
1.937799625000000000e+06
1.932243000000000000e+06
1.926712125000000000e+06
1.921207375000000000e+06
1.915727750000000000e+06
1.910274000000000000e+06
1.904845750000000000e+06
1.899442000000000000e+06
1.894063750000000000e+06
1.888710250000000000e+06
1.883381500000000000e+06
1.878077500000000000e+06
1.872797500000000000e+06
1.867541625000000000e+06
1.862310625000000000e+06
1.857102625000000000e+06
1.851918625000000000e+06
1.846758625000000000e+06
1.841622125000000000e+06
1.836508875000000000e+06
1.831418500000000000e+06
1.826351500000000000e+06
1.821307500000000000e+06
1.816285750000000000e+06
1.811287250000000000e+06
1.806310875000000000e+06
1.801357250000000000e+06
1.796425500000000000e+06
1.791516125000000000e+06
1.786628625000000000e+06
1.781762875000000000e+06
1.776918750000000000e+06
1.772096500000000000e+06
1.767295500000000000e+06
1.762515625000000000e+06
1.757757500000000000e+06
1.753019750000000000e+06
1.748303625000000000e+06
1.743607750000000000e+06
1.738932375000000000e+06
1.734277750000000000e+06
1.729644000000000000e+06
1.725030000000000000e+06
1.720436625000000000e+06
1.715863250000000000e+06
1.711309625000000000e+06
1.706776125000000000e+06
1.702261750000000000e+06
1.697767625000000000e+06
1.693293000000000000e+06
1.688837375000000000e+06
1.684401000000000000e+06
1.679984000000000000e+06
1.675586250000000000e+06
1.671207000000000000e+06
1.666846750000000000e+06
1.662505125000000000e+06
1.658181875000000000e+06
1.653877750000000000e+06
1.649591375000000000e+06
1.645323625000000000e+06
1.641073750000000000e+06
1.636842250000000000e+06
1.632628500000000000e+06
1.628432750000000000e+06
1.624254625000000000e+06
1.620094000000000000e+06
1.615951375000000000e+06
1.611825750000000000e+06
1.607718000000000000e+06
1.603627125000000000e+06
1.599553375000000000e+06
1.595496875000000000e+06
1.591456875000000000e+06
1.587434250000000000e+06
1.583428375000000000e+06
1.579439000000000000e+06
1.575466000000000000e+06
1.571509625000000000e+06
1.567569875000000000e+06
1.563646250000000000e+06
1.559738500000000000e+06
1.555847500000000000e+06
1.551972250000000000e+06
1.548113250000000000e+06
1.544269375000000000e+06
1.540441625000000000e+06
1.536629500000000000e+06
1.532833375000000000e+06
1.529052125000000000e+06
1.525286750000000000e+06
1.521536375000000000e+06
1.517801125000000000e+06
1.514081500000000000e+06
1.510376500000000000e+06
1.506687125000000000e+06
1.503012000000000000e+06
1.499351875000000000e+06
1.495706500000000000e+06
1.492075875000000000e+06
1.488459875000000000e+06
1.484858125000000000e+06
1.481271125000000000e+06
1.477698000000000000e+06
1.474140000000000000e+06
1.470595500000000000e+06
1.467065125000000000e+06
1.463548750000000000e+06
1.460046875000000000e+06
1.456558125000000000e+06
1.453083625000000000e+06
1.449622875000000000e+06
1.446175625000000000e+06
1.442742000000000000e+06
1.439322125000000000e+06
1.435915375000000000e+06
1.432522125000000000e+06
1.429142000000000000e+06
1.425775375000000000e+06
1.422421750000000000e+06
1.419081625000000000e+06
1.415753875000000000e+06
1.412439250000000000e+06
1.409137750000000000e+06
1.405848750000000000e+06
1.402572625000000000e+06
1.399309250000000000e+06
1.396058500000000000e+06
1.392820250000000000e+06
1.389594375000000000e+06
1.386380875000000000e+06
1.383179875000000000e+06
1.379991000000000000e+06
1.376814500000000000e+06
1.373650250000000000e+06
1.370497750000000000e+06
1.367357500000000000e+06
1.364229125000000000e+06
1.361112750000000000e+06
1.358008125000000000e+06
1.354915250000000000e+06
1.351834125000000000e+06
1.348764750000000000e+06
1.345706750000000000e+06
1.342660625000000000e+06
1.339625625000000000e+06
1.336602375000000000e+06
1.333590250000000000e+06
1.330589500000000000e+06
1.327600000000000000e+06
1.324621750000000000e+06
1.321654500000000000e+06
1.318698250000000000e+06
1.315753125000000000e+06
1.312819000000000000e+06
1.309895875000000000e+06
1.306983375000000000e+06
1.304081625000000000e+06
1.301190875000000000e+06
1.298310750000000000e+06
1.295440875000000000e+06
1.292582000000000000e+06
1.289733625000000000e+06
1.286895250000000000e+06
1.284067750000000000e+06
1.281250500000000000e+06
1.278443625000000000e+06
1.275646875000000000e+06
1.272860500000000000e+06
1.270084375000000000e+06
1.267318125000000000e+06
1.264562000000000000e+06
1.261816125000000000e+06
1.259079625000000000e+06
1.256353375000000000e+06
1.253637000000000000e+06
1.250930500000000000e+06
1.248233500000000000e+06
1.245546500000000000e+06
1.242869250000000000e+06
1.240201375000000000e+06
1.237543000000000000e+06
1.234894375000000000e+06
1.232255125000000000e+06
1.229625250000000000e+06
1.227004750000000000e+06
1.224393750000000000e+06
1.221791750000000000e+06
1.219199375000000000e+06
1.216616000000000000e+06
1.214041500000000000e+06
1.211476750000000000e+06
1.208920625000000000e+06
1.206373500000000000e+06
1.203835500000000000e+06
1.201306375000000000e+06
1.198786250000000000e+06
1.196274875000000000e+06
1.193772375000000000e+06
1.191278625000000000e+06
1.188793500000000000e+06
1.186317375000000000e+06
1.183849625000000000e+06
1.181390500000000000e+06
1.178939750000000000e+06
1.176497750000000000e+06
1.174064250000000000e+06
1.171639000000000000e+06
1.169222625000000000e+06
1.166814250000000000e+06
1.164414125000000000e+06
1.162022500000000000e+06
1.159638750000000000e+06
1.157263375000000000e+06
1.154896500000000000e+06
1.152537375000000000e+06
1.150186250000000000e+06
1.147843250000000000e+06
1.145508250000000000e+06
1.143181500000000000e+06
1.140862625000000000e+06
1.138551500000000000e+06
1.136248250000000000e+06
1.133952750000000000e+06
1.131664875000000000e+06
1.129385250000000000e+06
1.127113125000000000e+06
1.124848750000000000e+06
1.122591750000000000e+06
1.120342500000000000e+06
1.118101000000000000e+06
1.115866750000000000e+06
1.113640000000000000e+06
1.111421125000000000e+06
1.109209125000000000e+06
1.107005000000000000e+06
1.104808125000000000e+06
1.102618500000000000e+06
1.100436000000000000e+06
1.098261000000000000e+06
1.096093125000000000e+06
1.093932625000000000e+06
1.091779000000000000e+06
1.089632750000000000e+06
1.087493500000000000e+06
1.085361250000000000e+06
1.083236125000000000e+06
1.081118000000000000e+06
1.079007000000000000e+06
1.076902750000000000e+06
1.074805375000000000e+06
1.072715000000000000e+06
1.070631375000000000e+06
1.068554625000000000e+06
1.066484625000000000e+06
1.064421250000000000e+06
1.062364875000000000e+06
1.060315125000000000e+06
1.058272000000000000e+06
1.056235500000000000e+06
1.054205500000000000e+06
1.052182500000000000e+06
1.050165625000000000e+06
1.048155187500000000e+06
1.046151687500000000e+06
1.044154187500000000e+06
1.042163500000000000e+06
1.040178937500000000e+06
1.038200812500000000e+06
1.036229125000000000e+06
1.034263625000000000e+06
1.032304437500000000e+06
1.030351562500000000e+06
1.028405187500000000e+06
1.026464500000000000e+06
1.024530312500000000e+06
1.022602187500000000e+06
1.020680187500000000e+06
1.018764375000000000e+06
1.016854625000000000e+06
1.014950875000000000e+06
1.013053062500000000e+06
1.011161312500000000e+06
1.009275375000000000e+06
1.007395750000000000e+06
1.005521625000000000e+06
1.003653750000000000e+06
1.001791750000000000e+06
9.999351875000000000e+05
9.980847500000000000e+05
9.962400000000000000e+05
9.944010000000000000e+05
9.925678750000000000e+05
9.907405000000000000e+05
9.889185000000000000e+05
9.871024375000000000e+05
9.852920000000000000e+05
9.834869375000000000e+05
9.816876250000000000e+05
9.798940000000000000e+05
9.781058750000000000e+05
9.763233125000000000e+05
9.745460000000000000e+05
9.727744375000000000e+05
9.710081875000000000e+05
9.692473750000000000e+05
9.674920625000000000e+05
9.657419375000000000e+05
9.639973125000000000e+05
9.622580625000000000e+05
9.605239375000000000e+05
9.587952500000000000e+05
9.570720000000000000e+05
9.553537500000000000e+05
9.536406875000000000e+05
9.519331875000000000e+05
9.502303750000000000e+05
9.485330000000000000e+05
9.468408750000000000e+05
9.451536875000000000e+05
9.434715625000000000e+05
9.417946875000000000e+05
9.401228750000000000e+05
9.384557500000000000e+05
9.367939375000000000e+05
9.351370625000000000e+05
9.334851875000000000e+05
9.318381250000000000e+05
9.301961875000000000e+05
9.285592500000000000e+05
9.269270625000000000e+05
9.252998750000000000e+05
9.236773750000000000e+05
9.220597500000000000e+05
9.204470000000000000e+05
9.188388750000000000e+05
9.172356875000000000e+05
9.156371875000000000e+05
9.140433125000000000e+05
9.124543125000000000e+05
9.108699375000000000e+05
9.092901875000000000e+05
9.077152500000000000e+05
9.061448750000000000e+05
9.045791250000000000e+05
9.030178125000000000e+05
9.014613750000000000e+05
8.999093125000000000e+05
8.983618125000000000e+05
8.968188125000000000e+05
8.952804375000000000e+05
8.937464375000000000e+05
8.922168750000000000e+05
8.906917500000000000e+05
8.891711875000000000e+05
8.876549375000000000e+05
8.861431250000000000e+05
8.846357500000000000e+05
8.831326250000000000e+05
8.816340625000000000e+05
8.801396875000000000e+05
8.786494375000000000e+05
8.771637500000000000e+05
8.756822500000000000e+05
8.742048750000000000e+05
8.727320000000000000e+05
8.712631875000000000e+05
8.697986250000000000e+05
8.683382500000000000e+05
8.668820625000000000e+05
8.654300000000000000e+05
8.639822500000000000e+05
8.625385000000000000e+05
8.610988125000000000e+05
8.596631250000000000e+05
8.582317500000000000e+05
8.568042500000000000e+05
8.553809375000000000e+05
8.539613750000000000e+05
8.525461875000000000e+05
8.511350000000000000e+05
8.497276875000000000e+05
8.483242500000000000e+05
8.469248125000000000e+05
8.455293125000000000e+05
8.441377500000000000e+05
8.427500625000000000e+05
8.413662500000000000e+05
8.399863125000000000e+05
8.386103125000000000e+05
8.372383750000000000e+05
8.358698750000000000e+05
8.345053125000000000e+05
8.331446250000000000e+05
8.317878125000000000e+05
8.304345000000000000e+05
8.290850000000000000e+05
8.277394375000000000e+05
8.263975625000000000e+05
8.250592500000000000e+05
8.237248750000000000e+05
8.223938750000000000e+05
8.210668750000000000e+05
8.197432500000000000e+05
8.184233125000000000e+05
8.171071875000000000e+05
8.157945625000000000e+05
8.144856875000000000e+05
8.131801250000000000e+05
8.118783125000000000e+05
8.105801250000000000e+05
8.092855000000000000e+05
8.079942500000000000e+05
8.067065000000000000e+05
8.054222500000000000e+05
8.041416250000000000e+05
8.028644375000000000e+05
8.015906875000000000e+05
8.003205000000000000e+05
7.990538125000000000e+05
7.977903750000000000e+05
7.965303125000000000e+05
7.952738125000000000e+05
7.940206875000000000e+05
7.927708750000000000e+05
7.915245000000000000e+05
7.902813750000000000e+05
7.890416875000000000e+05
7.878053125000000000e+05
7.865722500000000000e+05
7.853424375000000000e+05
7.841160000000000000e+05
7.828928125000000000e+05
7.816728750000000000e+05
7.804561875000000000e+05
7.792428750000000000e+05
7.780326250000000000e+05
7.768256875000000000e+05
7.756218125000000000e+05
7.744213125000000000e+05
7.732239375000000000e+05
7.720296875000000000e+05
7.708386250000000000e+05
7.696507500000000000e+05
7.684660625000000000e+05
7.672843125000000000e+05
7.661058750000000000e+05
7.649305000000000000e+05
7.637581250000000000e+05
7.625888750000000000e+05
7.614228125000000000e+05
7.602596875000000000e+05
7.590995000000000000e+05
7.579425000000000000e+05
7.567886250000000000e+05
7.556375000000000000e+05
7.544896250000000000e+05
7.533445625000000000e+05
7.522026250000000000e+05
7.510636250000000000e+05
7.499274375000000000e+05
7.487945000000000000e+05
7.476643125000000000e+05
7.465368750000000000e+05
7.454125625000000000e+05
7.442911250000000000e+05
7.431726250000000000e+05
7.420569375000000000e+05
7.409442500000000000e+05
7.398343750000000000e+05
7.387273750000000000e+05
7.376231875000000000e+05
7.365217500000000000e+05
7.354233125000000000e+05
7.343275000000000000e+05
7.332346250000000000e+05
7.321445000000000000e+05
7.310573125000000000e+05
7.299727500000000000e+05
7.288908750000000000e+05
7.278118750000000000e+05
7.267355625000000000e+05
7.256620000000000000e+05
7.245913125000000000e+05
7.235231875000000000e+05
7.224577500000000000e+05
7.213950000000000000e+05
7.203351250000000000e+05
7.192778750000000000e+05
7.182231250000000000e+05
7.171711875000000000e+05
7.161218750000000000e+05
7.150753750000000000e+05
7.140310625000000000e+05
7.129895000000000000e+05
7.119508750000000000e+05
7.109145625000000000e+05
7.098810000000000000e+05
7.088498750000000000e+05
7.078216250000000000e+05
7.067955625000000000e+05
7.057722500000000000e+05
7.047515625000000000e+05
7.037334375000000000e+05
7.027177500000000000e+05
7.017045000000000000e+05
7.006938750000000000e+05
6.996856875000000000e+05
6.986801250000000000e+05
6.976768750000000000e+05
6.966763125000000000e+05
6.956781875000000000e+05
6.946823125000000000e+05
6.936891250000000000e+05
6.926983125000000000e+05
6.917099375000000000e+05
6.907240000000000000e+05
6.897404375000000000e+05
6.887592500000000000e+05
6.877806875000000000e+05
6.868043750000000000e+05
6.858304375000000000e+05
6.848590000000000000e+05
6.838898125000000000e+05
6.829230000000000000e+05
6.819586250000000000e+05
6.809965625000000000e+05
6.800368125000000000e+05
6.790793750000000000e+05
6.781243125000000000e+05
6.771716875000000000e+05
6.762211250000000000e+05
6.752730625000000000e+05
6.743272500000000000e+05
6.733836250000000000e+05
6.724424375000000000e+05
6.715033750000000000e+05
6.705666250000000000e+05
6.696321250000000000e+05
6.687000000000000000e+05
6.677700625000000000e+05
6.668422500000000000e+05
6.659165625000000000e+05
6.649933750000000000e+05
6.640723125000000000e+05
6.631535000000000000e+05
6.622366875000000000e+05
6.613223125000000000e+05
6.604100000000000000e+05
6.594999375000000000e+05
6.585918750000000000e+05
6.576861250000000000e+05
6.567824375000000000e+05
6.558808750000000000e+05
6.549815000000000000e+05
6.540844375000000000e+05
6.531893125000000000e+05
