2.218823394775390625e+02
2.109807739257812500e+02
1.967879028320312500e+02
1.831422576904296875e+02
1.702570953369140625e+02
1.585241394042968750e+02
1.503127593994140625e+02
1.471425323486328125e+02
1.449766082763671875e+02
1.428827667236328125e+02
1.408571624755859375e+02
1.388968048095703125e+02
1.369992828369140625e+02
1.351625213623046875e+02
1.333846740722656250e+02
1.316640472412109375e+02
1.299991455078125000e+02
1.283883666992187500e+02
1.268303909301757812e+02
1.253237457275390625e+02
1.238669967651367188e+02
1.224588699340820312e+02
1.210979156494140625e+02
1.197828216552734375e+02
1.185121917724609375e+02
1.172847061157226562e+02
1.160990295410156250e+02
1.149537811279296875e+02
1.138476715087890625e+02
1.127793273925781250e+02
1.117474746704101562e+02
1.107508163452148438e+02
1.097880630493164062e+02
1.088579483032226562e+02
1.079592285156250000e+02
1.070906524658203125e+02
1.062511138916015625e+02
1.054393310546875000e+02
1.046541900634765625e+02
1.038946075439453125e+02
1.031594619750976562e+02
1.024476470947265625e+02
1.017580795288085938e+02
1.010893478393554688e+02
1.004404373168945312e+02
9.981035614013671875e+01
9.919817352294921875e+01
9.860292816162109375e+01
9.802381134033203125e+01
9.745999908447265625e+01
9.691069793701171875e+01
9.637517547607421875e+01
9.585276794433593750e+01
9.534278869628906250e+01
9.484463500976562500e+01
9.435771942138671875e+01
9.388151550292968750e+01
9.341547393798828125e+01
9.295915985107421875e+01
9.251211547851562500e+01
9.207390594482421875e+01
9.164413452148437500e+01
9.122244262695312500e+01
9.080847930908203125e+01
9.040194702148437500e+01
9.000257873535156250e+01
8.961003875732421875e+01
8.922401428222656250e+01
8.884426116943359375e+01
8.847049713134765625e+01
8.810252380371093750e+01
8.774016571044921875e+01
8.738327789306640625e+01
8.703170776367187500e+01
8.668529510498046875e+01
8.634393310546875000e+01
8.600753784179687500e+01
8.567594909667968750e+01
8.534910583496093750e+01
8.502689361572265625e+01
8.470927429199218750e+01
8.439609527587890625e+01
8.408732604980468750e+01
8.378285980224609375e+01
8.348263549804687500e+01
8.318656921386718750e+01
8.289459991455078125e+01
8.260665130615234375e+01
8.232266235351562500e+01
8.204257202148437500e+01
8.176629638671875000e+01
8.149379730224609375e+01
8.122498321533203125e+01
8.095985412597656250e+01
8.069831085205078125e+01
8.044033050537109375e+01
8.018580627441406250e+01
7.993471527099609375e+01
7.968690490722656250e+01
7.944235992431640625e+01
7.920102691650390625e+01
7.896283721923828125e+01
7.872770690917968750e+01
7.849565124511718750e+01
7.826660156250000000e+01
7.804051208496093750e+01
7.781734466552734375e+01
7.759706115722656250e+01
7.737964630126953125e+01
7.716500854492187500e+01
7.695314788818359375e+01
7.674402618408203125e+01
7.653760528564453125e+01
7.633383178710937500e+01
7.613272857666015625e+01
7.593421173095703125e+01
7.573823547363281250e+01
7.554479980468750000e+01
7.535385894775390625e+01
7.516536712646484375e+01
7.497930908203125000e+01
7.479563903808593750e+01
7.461432647705078125e+01
7.443532562255859375e+01
7.425862884521484375e+01
7.408419036865234375e+01
7.391195678710937500e+01
7.374193572998046875e+01
7.357403564453125000e+01
7.340827941894531250e+01
7.324462890625000000e+01
7.308303833007812500e+01
7.292343902587890625e+01
7.276586151123046875e+01
7.261026000976562500e+01
7.245658874511718750e+01
7.230482482910156250e+01
7.215494537353515625e+01
7.200688934326171875e+01
7.186067199707031250e+01
7.171624755859375000e+01
7.157358551025390625e+01
7.143267059326171875e+01
7.129344940185546875e+01
7.115590667724609375e+01
7.102003479003906250e+01
7.088578796386718750e+01
7.075314331054687500e+01
7.062207794189453125e+01
7.049256896972656250e+01
7.036460876464843750e+01
7.023814392089843750e+01
7.011315917968750000e+01
6.998963165283203125e+01
6.986756896972656250e+01
6.974689483642578125e+01
6.962762451171875000e+01
6.950973510742187500e+01
6.939318084716796875e+01
6.927796936035156250e+01
6.916406250000000000e+01
6.905144500732421875e+01
6.894011688232421875e+01
6.883000946044921875e+01
6.872113800048828125e+01
6.861347961425781250e+01
6.850701141357421875e+01
6.840171813964843750e+01
6.829757690429687500e+01
6.819458770751953125e+01
6.809269714355468750e+01
6.799192047119140625e+01
6.789221954345703125e+01
6.779358673095703125e+01
6.769601440429687500e+01
6.759947204589843750e+01
6.750395202636718750e+01
6.740943145751953125e+01
6.731588745117187500e+01
6.722333526611328125e+01
6.713171386718750000e+01
6.704104614257812500e+01
6.695131683349609375e+01
6.686251068115234375e+01
6.677456665039062500e+01
6.668752288818359375e+01
6.660136413574218750e+01
6.651603698730468750e+01
6.643156433105468750e+01
6.634793090820312500e+01
6.626510620117187500e+01
6.618310546875000000e+01
6.610188293457031250e+01
6.602143096923828125e+01
6.594176483154296875e+01
6.586284637451171875e+01
6.578466796875000000e+01
6.570724487304687500e+01
6.563051605224609375e+01
6.555452728271484375e+01
6.547922515869140625e+01
6.540460205078125000e+01
6.533067321777343750e+01
6.525740051269531250e+01
6.518479156494140625e+01
6.511282348632812500e+01
6.504151153564453125e+01
6.497081756591796875e+01
6.490074157714843750e+01
6.483127593994140625e+01
6.476242065429687500e+01
6.469415283203125000e+01
6.462644958496093750e+01
6.455934906005859375e+01
6.449279022216796875e+01
6.442680358886718750e+01
6.436135101318359375e+01
6.429644775390625000e+01
6.423207092285156250e+01
6.416822052001953125e+01
6.410488891601562500e+01
6.404205322265625000e+01
6.397972488403320312e+01
6.391789627075195312e+01
6.385653686523437500e+01
6.379566955566406250e+01
6.373527145385742188e+01
6.367534637451171875e+01
6.361586380004882812e+01
6.355683135986328125e+01
6.349825286865234375e+01
6.344010925292968750e+01
6.338239669799804688e+01
6.332511901855468750e+01
6.326824569702148438e+01
6.321177291870117188e+01
6.315573501586914062e+01
6.310008239746093750e+01
6.304482650756835938e+01
6.298996353149414062e+01
6.293547439575195312e+01
6.288136291503906250e+01
6.282763290405273438e+01
6.277426528930664062e+01
6.272126770019531250e+01
6.266861343383789062e+01
6.261631393432617188e+01
6.256436157226562500e+01
6.251275634765625000e+01
6.246147155761718750e+01
6.241053771972656250e+01
6.235992050170898438e+01
6.230963134765625000e+01
6.225964736938476562e+01
6.220999145507812500e+01
6.216062545776367188e+01
6.211157989501953125e+01
6.206282424926757812e+01
6.201436233520507812e+01
6.196620559692382812e+01
6.191832733154296875e+01
6.187074279785156250e+01
6.182342529296875000e+01
6.177638244628906250e+01
6.172962570190429688e+01
6.168312072753906250e+01
6.163689804077148438e+01
6.159092330932617188e+01
6.154519271850585938e+01
6.149974822998046875e+01
6.145452499389648438e+01
6.140957260131835938e+01
6.136483764648437500e+01
6.132036590576171875e+01
6.127611541748046875e+01
6.123210906982421875e+01
6.118832397460937500e+01
6.114477920532226562e+01
6.110144424438476562e+01
6.105832290649414062e+01
6.101545715332031250e+01
6.097276687622070312e+01
6.093031692504882812e+01
6.088806152343750000e+01
6.084601974487304688e+01
6.080417633056640625e+01
6.076253509521484375e+01
6.072108840942382812e+01
6.067984390258789062e+01
6.063880538940429688e+01
6.059794235229492188e+01
6.055727005004882812e+01
6.051679229736328125e+01
6.047650146484375000e+01
6.043637466430664062e+01
6.039643478393554688e+01
6.035667419433593750e+01
6.031708908081054688e+01
6.027767944335937500e+01
6.023844146728515625e+01
6.019937133789062500e+01
6.016045379638671875e+01
6.012171173095703125e+01
6.008313369750976562e+01
6.004472351074218750e+01
6.000645446777343750e+01
5.996834182739257812e+01
5.993038558959960938e+01
5.989258575439453125e+01
5.985493469238281250e+01
5.981744003295898438e+01
5.978009414672851562e+01
5.974287796020507812e+01
5.970582199096679688e+01
5.966889572143554688e+01
5.963211059570312500e+01
5.959548187255859375e+01
5.955897140502929688e+01
5.952259826660156250e+01
5.948637008666992188e+01
5.945025634765625000e+01
5.941428756713867188e+01
5.937844467163085938e+01
5.934272766113281250e+01
5.930713272094726562e+01
5.927166366577148438e+01
5.923633575439453125e+01
5.920111846923828125e+01
5.916601181030273438e+01
5.913103866577148438e+01
5.909618759155273438e+01
5.906144714355468750e+01
5.902682495117187500e+01
5.899230575561523438e+01
5.895790863037109375e+01
5.892361831665039062e+01
5.888943862915039062e+01
5.885538864135742188e+01
5.882141876220703125e+01
5.878757858276367188e+01
5.875382995605468750e+01
5.872019958496093750e+01
5.868667221069335938e+01
5.865324020385742188e+01
5.861991882324218750e+01
5.858669281005859375e+01
5.855356216430664062e+01
5.852053833007812500e+01
5.848761367797851562e+01
5.845479202270507812e+01
5.842205429077148438e+01
5.838941955566406250e+01
5.835687255859375000e+01
5.832443618774414062e+01
5.829208374023437500e+01
5.825981521606445312e+01
5.822763442993164062e+01
5.819557189941406250e+01
5.816356658935546875e+01
5.813166809082031250e+01
5.809985733032226562e+01
5.806813430786132812e+01
5.803649139404296875e+01
5.800494384765625000e+01
5.797347640991210938e+01
5.794208145141601562e+01
5.791079330444335938e+01
5.787957763671875000e+01
5.784843063354492188e+01
5.781738662719726562e+01
5.778641510009765625e+01
5.775551986694335938e+01
5.772471618652343750e+01
5.769397735595703125e+01
5.766333007812500000e+01
5.763275909423828125e+01
5.760226058959960938e+01
5.757183837890625000e+01
5.754148483276367188e+01
5.751122665405273438e+01
5.748102951049804688e+01
5.745091629028320312e+01
5.742086029052734375e+01
5.739090347290039062e+01
5.736100387573242188e+01
5.733117294311523438e+01
5.730142593383789062e+01
5.727174377441406250e+01
5.724213790893554688e+01
5.721260070800781250e+01
5.718313217163085938e+01
5.715372848510742188e+01
5.712440490722656250e+01
5.709514236450195312e+01
5.706595230102539062e+01
5.703683471679687500e+01
5.700778961181640625e+01
5.697879791259765625e+01
5.694987869262695312e+01
5.692102432250976562e+01
5.689224624633789062e+01
5.686352920532226562e+01
5.683486938476562500e+01
5.680627822875976562e+01
5.677775955200195312e+01
5.674930191040039062e+01
5.672091293334960938e+01
5.669258117675781250e+01
5.666432189941406250e+01
5.663611602783203125e+01
5.660797500610351562e+01
5.657990264892578125e+01
5.655189895629882812e+01
5.652394104003906250e+01
5.649605941772460938e+01
5.646823883056640625e+01
5.644047164916992188e+01
5.641276550292968750e+01
5.638512420654296875e+01
5.635755157470703125e+01
5.633003616333007812e+01
5.630257415771484375e+01
5.627517700195312500e+01
5.624784088134765625e+01
5.622056198120117188e+01
5.619335174560546875e+01
5.616619873046875000e+01
5.613910675048828125e+01
5.611206817626953125e+01
5.608509063720703125e+01
5.605816650390625000e+01
5.603131484985351562e+01
5.600451278686523438e+01
5.597777557373046875e+01
5.595110321044921875e+01
5.592446899414062500e+01
5.589789962768554688e+01
5.587139892578125000e+01
5.584494400024414062e+01
5.581856536865234375e+01
5.579223251342773438e+01
5.576594924926757812e+01
5.573973083496093750e+01
5.571356582641601562e+01
5.568746566772460938e+01
5.566141891479492188e+01
5.563544082641601562e+01
5.560950469970703125e+01
5.558362579345703125e+01
5.555780410766601562e+01
5.553203964233398438e+01
5.550633239746093750e+01
5.548067855834960938e+01
5.545507812500000000e+01
5.542954254150390625e+01
5.540405654907226562e+01
5.537862396240234375e+01
5.535325622558593750e+01
5.532793807983398438e+01
5.530266571044921875e+01
5.527746200561523438e+01
5.525230026245117188e+01
5.522721099853515625e+01
5.520215606689453125e+01
5.517716598510742188e+01
5.515224075317382812e+01
5.512736129760742188e+01
5.510253143310546875e+01
5.507775497436523438e+01
5.505304718017578125e+01
5.502836990356445312e+01
5.500376510620117188e+01
5.497921752929687500e+01
5.495471191406250000e+01
5.493026733398437500e+01
5.490586471557617188e+01
5.488153076171875000e+01
5.485724639892578125e+01
5.483300781250000000e+01
5.480882263183593750e+01
5.478469848632812500e+01
5.476063156127929688e+01
5.473661041259765625e+01
5.471264648437500000e+01
5.468872833251953125e+01
5.466487121582031250e+01
5.464106369018554688e+01
5.461730194091796875e+01
5.459358978271484375e+01
5.456994628906250000e+01
5.454634857177734375e+01
5.452281188964843750e+01
5.449932098388671875e+01
5.447587966918945312e+01
5.445248794555664062e+01
5.442916107177734375e+01
5.440587997436523438e+01
5.438263702392578125e+01
5.435946273803710938e+01
5.433633804321289062e+01
5.431338119506835938e+01
5.429106140136718750e+01
5.426885986328125000e+01
5.424678802490234375e+01
5.422483825683593750e+01
5.420301818847656250e+01
5.418131256103515625e+01
5.415973281860351562e+01
5.413828277587890625e+01
5.411692047119140625e+01
5.409568405151367188e+01
5.407453536987304688e+01
5.405350112915039062e+01
5.403254318237304688e+01
5.401168441772460938e+01
5.399090576171875000e+01
5.397020339965820312e+01
5.394958496093750000e+01
5.392904281616210938e+01
5.390856933593750000e+01
5.388814926147460938e+01
5.386780929565429688e+01
5.384752655029296875e+01
5.382731628417968750e+01
5.380716323852539062e+01
5.378708267211914062e+01
5.376707077026367188e+01
5.374710464477539062e+01
5.372720718383789062e+01
5.370736694335937500e+01
5.368759536743164062e+01
5.366787719726562500e+01
5.364822006225585938e+01
5.362863540649414062e+01
5.360910034179687500e+01
5.358963012695312500e+01
5.357021331787109375e+01
5.355085372924804688e+01
5.353155136108398438e+01
5.351231765747070312e+01
5.349312591552734375e+01
5.347401809692382812e+01
5.345495605468750000e+01
5.343594741821289062e+01
5.341699981689453125e+01
5.339810562133789062e+01
5.337924957275390625e+01
5.336046600341796875e+01
5.334173965454101562e+01
5.332305526733398438e+01
5.330443572998046875e+01
5.328586578369140625e+01
5.326734924316406250e+01
5.324887466430664062e+01
5.323046875000000000e+01
5.321210098266601562e+01
5.319378280639648438e+01
5.317551422119140625e+01
5.315730667114257812e+01
5.313913726806640625e+01
5.312100601196289062e+01
5.310294342041015625e+01
5.308492660522460938e+01
5.306694030761718750e+01
5.304903030395507812e+01
5.303115463256835938e+01
5.301331710815429688e+01
5.299553298950195312e+01
5.297779083251953125e+01
5.296010208129882812e+01
5.294245147705078125e+01
5.292484664916992188e+01
5.290728759765625000e+01
5.288977050781250000e+01
5.287229919433593750e+01
5.285486984252929688e+01
5.283748245239257812e+01
5.282015228271484375e+01
5.280286407470703125e+01
5.278559494018554688e+01
5.276838302612304688e+01
5.275122070312500000e+01
5.273409652709960938e+01
5.271700668334960938e+01
5.269995880126953125e+01
5.268295669555664062e+01
5.266599655151367188e+01
5.264907836914062500e+01
5.263219833374023438e+01
5.261535644531250000e+01
5.259856033325195312e+01
5.258179473876953125e+01
5.256507873535156250e+01
5.254839706420898438e+01
5.253174972534179688e+01
5.251515960693359375e+01
5.249857330322265625e+01
5.248206329345703125e+01
5.246556091308593750e+01
5.244910430908203125e+01
5.243269348144531250e+01
5.241632843017578125e+01
5.239998626708984375e+01
5.238368606567382812e+01
5.236741256713867188e+01
5.235118484497070312e+01
5.233500289916992188e+01
5.231884765625000000e+01
5.230273818969726562e+01
5.228664779663085938e+01
5.227060317993164062e+01
5.225459289550781250e+01
5.223861694335937500e+01
5.222267532348632812e+01
5.220676803588867188e+01
5.219090652465820312e+01
5.217507553100585938e+01
5.215927886962890625e+01
5.214350509643554688e+01
5.212778472900390625e+01
5.211206817626953125e+01
5.209642028808593750e+01
5.208078002929687500e+01
5.206520080566406250e+01
5.204963684082031250e+01
5.203410339355468750e+01
5.201860809326171875e+01
5.200315093994140625e+01
5.198772811889648438e+01
5.197232437133789062e+01
5.195696640014648438e+01
5.194163513183593750e+01
5.192633819580078125e+01
5.191107177734375000e+01
5.189583969116210938e+01
5.188063812255859375e+01
5.186546707153320312e+01
5.185033798217773438e+01
5.183523178100585938e+01
5.182015228271484375e+01
5.180510711669921875e+01
5.179009246826171875e+01
5.177511978149414062e+01
5.176017379760742188e+01
5.174525070190429688e+01
5.173036575317382812e+01
5.171550750732421875e+01
5.170068740844726562e+01
5.168589401245117188e+01
5.167113494873046875e+01
5.165638732910156250e+01
5.164168167114257812e+01
5.162701797485351562e+01
5.161237716674804688e+01
5.159775543212890625e+01
5.158316421508789062e+01
5.156861495971679688e+01
5.155408477783203125e+01
5.153958892822265625e+01
5.152512741088867188e+01
5.151069641113281250e+01
5.149628067016601562e+01
5.148192596435546875e+01
5.146762847900390625e+01
5.145335006713867188e+01
5.143912506103515625e+01
5.142493820190429688e+01
5.141078948974609375e+01
5.139666366577148438e+01
5.138258743286132812e+01
5.136854934692382812e+01
5.135453796386718750e+01
5.134056854248046875e+01
5.132663726806640625e+01
5.131273651123046875e+01
5.129887771606445312e+01
5.128505706787109375e+01
5.127127075195312500e+01
5.125751495361328125e+01
5.124379348754882812e+01
5.123011779785156250e+01
5.121647644042968750e+01
5.120285415649414062e+01
5.118927764892578125e+01
5.117571640014648438e+01
5.116221618652343750e+01
5.114874267578125000e+01
5.113529205322265625e+01
5.112187957763671875e+01
5.110849761962890625e+01
5.109516525268554688e+01
5.108183288574218750e+01
5.106856536865234375e+01
5.105529785156250000e+01
5.104208374023437500e+01
5.102890014648437500e+01
5.101573562622070312e+01
5.100261306762695312e+01
5.098952102661132812e+01
5.097644805908203125e+01
5.096341705322265625e+01
5.095041275024414062e+01
5.093743896484375000e+01
5.092449188232421875e+01
5.091158676147460938e+01
5.089869689941406250e+01
5.088583755493164062e+01
5.087301254272460938e+01
5.086022186279296875e+01
5.084746170043945312e+01
5.083470916748046875e+01
5.082200622558593750e+01
5.080932235717773438e+01
5.079666137695312500e+01
5.078404617309570312e+01
5.077145385742187500e+01
5.075887298583984375e+01
5.074634170532226562e+01
5.073382186889648438e+01
5.072134017944335938e+01
5.070889663696289062e+01
5.069645309448242188e+01
5.068405532836914062e+01
5.067167282104492188e+01
5.065932464599609375e+01
5.064699554443359375e+01
5.063471221923828125e+01
5.062244033813476562e+01
5.061019515991210938e+01
5.059798812866210938e+01
5.058579635620117188e+01
5.057362747192382812e+01
5.056149673461914062e+01
5.054938507080078125e+01
5.053731155395507812e+01
5.052523422241210938e+01
5.051320266723632812e+01
5.050119400024414062e+01
5.048921966552734375e+01
5.047725677490234375e+01
5.046532440185546875e+01
5.045341873168945312e+01
5.044153594970703125e+01
5.042967987060546875e+01
5.041785430908203125e+01
5.040604782104492188e+01
5.039426422119140625e+01
5.038249969482421875e+01
5.037075805664062500e+01
5.035905838012695312e+01
5.034736633300781250e+01
5.033570861816406250e+01
5.032408142089843750e+01
5.031245422363281250e+01
5.030086898803710938e+01
5.028930664062500000e+01
5.027775573730468750e+01
5.026625442504882812e+01
5.025475311279296875e+01
5.024328231811523438e+01
5.023183441162109375e+01
5.022040176391601562e+01
5.020900726318359375e+01
5.019763183593750000e+01
5.018626403808593750e+01
5.017493820190429688e+01
5.016362762451171875e+01
5.015233612060546875e+01
5.014107894897460938e+01
5.012982559204101562e+01
5.011861419677734375e+01
5.010742187500000000e+01
5.009623336791992188e+01
5.008508300781250000e+01
5.007395553588867188e+01
5.006284332275390625e+01
5.005175781250000000e+01
5.004069900512695312e+01
5.002965164184570312e+01
5.001863479614257812e+01
5.000762939453125000e+01
4.999664688110351562e+01
4.998570251464843750e+01
4.997476196289062500e+01
4.996384429931640625e+01
4.995294952392578125e+01
4.994207763671875000e+01
4.993123245239257812e+01
4.992040252685546875e+01
4.990959167480468750e+01
4.989880752563476562e+01
4.988803863525390625e+01
4.987728881835937500e+01
4.986656570434570312e+01
4.985586547851562500e+01
4.984518432617187500e+01
4.983451461791992188e+01
4.982387924194335938e+01
4.981325149536132812e+01
4.980265045166015625e+01
4.979207611083984375e+01
4.978150177001953125e+01
4.977096176147460938e+01
4.976044845581054688e+01
4.974993896484375000e+01
4.973945999145507812e+01
4.972900009155273438e+01
4.971855163574218750e+01
4.970813369750976562e+01
4.969773101806640625e+01
4.968734359741210938e+01
4.967698287963867188e+01
4.966664505004882812e+01
4.965631484985351562e+01
4.964601516723632812e+01
4.963572311401367188e+01
4.962545394897460938e+01
4.961521148681640625e+01
4.960499191284179688e+01
4.959477996826171875e+01
4.958457946777343750e+01
4.957441711425781250e+01
4.956425857543945312e+01
4.955412292480468750e+01
4.954401016235351562e+01
4.953391265869140625e+01
4.952384185791015625e+01
4.951378250122070312e+01
4.950373840332031250e+01
4.949370956420898438e+01
4.948371505737304688e+01
4.947372817993164062e+01
4.946376800537109375e+01
4.945381164550781250e+01
4.944388198852539062e+01
4.943396377563476562e+01
4.942407989501953125e+01
4.941420364379882812e+01
4.940436172485351562e+01
4.939452362060546875e+01
4.938472747802734375e+01
4.937493515014648438e+01
4.936518859863281250e+01
4.935546112060546875e+01
4.934574127197265625e+01
4.933605575561523438e+01
4.932638549804687500e+01
4.931673812866210938e+01
4.930711746215820312e+01
4.929752349853515625e+01
4.928794479370117188e+01
4.927839279174804688e+01
4.926885986328125000e+01
4.925935363769531250e+01
4.924985885620117188e+01
4.924039459228515625e+01
4.923095321655273438e+01
4.922151947021484375e+01
4.921210479736328125e+01
4.920272445678710938e+01
4.919335937500000000e+01
4.918401718139648438e+01
4.917468643188476562e+01
4.916537857055664062e+01
4.915608978271484375e+01
4.914681243896484375e+01
4.913757705688476562e+01
4.912833404541015625e+01
4.911912155151367188e+01
4.910992431640625000e+01
4.910074996948242188e+01
4.909158706665039062e+01
4.908243179321289062e+01
4.907331466674804688e+01
4.906420516967773438e+01
4.905511474609375000e+01
4.904604339599609375e+01
4.903698348999023438e+01
4.902793502807617188e+01
4.901890945434570312e+01
4.900990676879882812e+01
4.900091934204101562e+01
4.899193954467773438e+01
4.898297119140625000e+01
4.897402572631835938e+01
4.896509552001953125e+01
4.895619201660156250e+01
4.894729614257812500e+01
4.893841934204101562e+01
4.892955780029296875e+01
4.892070007324218750e+01
4.891186904907226562e+01
4.890305709838867188e+01
4.889424514770507812e+01
4.888546371459960938e+01
4.887668609619140625e+01
4.886793899536132812e+01
4.885919189453125000e+01
4.885047149658203125e+01
4.884175872802734375e+01
4.883306884765625000e+01
4.882437133789062500e+01
4.881571960449218750e+01
4.880707168579101562e+01
4.879843902587890625e+01
4.878981018066406250e+01
4.878121185302734375e+01
4.877262115478515625e+01
4.876403808593750000e+01
4.875547790527343750e+01
4.874693679809570312e+01
4.873840713500976562e+01
4.872989273071289062e+01
4.872137832641601562e+01
4.871289062500000000e+01
4.870442581176757812e+01
4.869596481323242188e+01
4.868751907348632812e+01
4.867908859252929688e+01
4.867068099975585938e+01
4.866226959228515625e+01
4.865387725830078125e+01
4.864551544189453125e+01
4.863713836669921875e+01
4.862879943847656250e+01
4.862047195434570312e+01
4.861214828491210938e+01
4.860384368896484375e+01
4.859556579589843750e+01
4.858729553222656250e+01
4.857903289794921875e+01
4.857078170776367188e+01
4.856253814697265625e+01
4.855432891845703125e+01
4.854612731933593750e+01
4.853793716430664062e+01
4.852975845336914062e+01
4.852159118652343750e+01
4.851343536376953125e+01
4.850529479980468750e+01
4.849718093872070312e+01
4.848907089233398438e+01
4.848097610473632812e+01
4.847288894653320312e+01
4.846482467651367188e+01
4.845676422119140625e+01
4.844873046875000000e+01
4.844070434570312500e+01
4.843268585205078125e+01
4.842469024658203125e+01
4.841669082641601562e+01
4.840871810913085938e+01
4.840076065063476562e+01
4.839281845092773438e+01
4.838487243652343750e+01
4.837694931030273438e+01
4.836904144287109375e+01
4.836114120483398438e+01
4.835326004028320312e+01
4.834540557861328125e+01
4.833753967285156250e+01
4.832969284057617188e+01
4.832186508178710938e+01
4.831404113769531250e+01
4.830624389648437500e+01
4.829845046997070312e+01
4.829066848754882812e+01
4.828290557861328125e+01
4.827515029907226562e+01
4.826741027832031250e+01
4.825967407226562500e+01
4.825197601318359375e+01
4.824426651000976562e+01
4.823657989501953125e+01
4.822889709472656250e+01
4.822123336791992188e+01
4.821358489990234375e+01
4.820594024658203125e+01
4.819831466674804688e+01
4.819069290161132812e+01
4.818309783935546875e+01
4.817550277709960938e+01
4.816793060302734375e+01
4.816036605834960938e+01
4.815280914306640625e+01
4.814527130126953125e+01
4.813774490356445312e+01
4.813022994995117188e+01
4.812272262573242188e+01
4.811523437500000000e+01
4.810775756835937500e+01
4.810028839111328125e+01
4.809283447265625000e+01
4.808539581298828125e+01
4.807796096801757812e+01
4.807054901123046875e+01
4.806313705444335938e+01
4.805573654174804688e+01
4.804836273193359375e+01
4.804099273681640625e+01
